268000	16.167	1.39667	89.6351	98.5494	0.45477	1.16853	0.211567	0.256636	-2267	0.00751866
308000	16.2625	1.65151	93.7973	100.435	0.471506	1.12964	0.210849	0.314935	-2270.1	0.00756494
362000	15.4307	1.42003	96.3456	99.7656	0.483466	1.1536	0.203118	0.341392	-2266.4	0.00758287
558000	16.0611	1.57834	97.0039	93.6453	0.528516	1.19829	0.252033	0.344479	-2267.3	0.00762545
627000	15.299	1.32929	93.8113	92.7932	0.491178	1.20416	0.212933	0.303716	-2266.8	0.0076252
1282000	16.8667	1.54289	94.0317	92.6713	0.44227	1.1865	0.189516	0.31629	-2267.7	0.00758502
1292000	15.6877	1.48459	91.2957	100.136	0.492388	1.17812	0.203273	0.297197	-2267.7	0.00756656
1322000	13.6731	1.39816	96.157	89.4449	0.470491	1.11171	0.256738	0.289485	-2268.6	0.00754766
1327000	16.4942	1.53011	91.6997	94.96	0.456536	1.1895	0.195051	0.275811	-2267.3	0.00754936
1493000	14.5341	1.50953	99.6078	87.8658	0.442965	1.27932	0.247735	0.28956	-2267.6	0.00756731
1722000	14.7364	1.72631	100.118	91.9185	0.520626	1.09617	0.262135	0.292892	-2268.1	0.0075302
1817000	15.3985	1.29706	79.4365	101.564	0.486915	1.16999	0.206483	0.299215	-2267.7	0.00755806
1854000	15.4598	1.47818	97.8819	88.1941	0.496125	1.21849	0.201833	0.346956	-2266.8	0.00756472
1889000	14.2462	1.24551	76.1874	112.145	0.466515	1.04953	0.236909	0.219402	-2267.5	0.00756326
2042000	16.208	1.58831	88.8391	95.2611	0.473643	1.05769	0.251188	0.262373	-2266.6	0.00752498
2152000	16.2425	1.49992	94.7724	81.3692	0.448168	1.23256	0.254647	0.295348	-2267	0.00756366
2259000	16.2448	1.54093	95.4222	84.9885	0.512122	1.24506	0.252996	0.329671	-2270.2	0.00759672
2384000	16.3155	1.52934	98.4601	90.0922	0.460733	1.24906	0.242635	0.307844	-2268.4	0.00760151
2617000	16.0435	1.61015	95.2736	107.542	0.496704	1.07392	0.228033	0.318746	-2267.2	0.00764922
2778000	15.1239	1.50135	89.1155	108.563	0.465595	1.00318	0.261827	0.299731	-2267	0.00765011
2880000	15.8949	1.30088	78.6527	103.111	0.489709	1.12952	0.222753	0.274377	-2267.4	0.00766667
2955000	16.2194	1.53937	93.0655	90.7417	0.462822	1.15917	0.235818	0.29193	-2266.9	0.00765178
3182000	15.9159	1.46475	106.066	102.268	0.485735	1.12257	0.220914	0.303225	-2269.5	0.00761942
3201000	17.943	1.73878	92.5919	88.2264	0.525816	1.18262	0.243908	0.321494	-2267	0.00761668
3327000	15.7455	1.59498	100.973	83.3785	0.468505	1.03597	0.243562	0.290898	-2268.7	0.00759663
3545000	15.2313	1.43003	86.7436	88.115	0.465677	1.2812	0.222227	0.312149	-2266.6	0.00757123
3633000	16.0435	1.52948	94.406	89.193	0.472148	1.15369	0.249434	0.30612	-2268.4	0.00758409
3743000	16.4104	1.57516	91.4817	95.0094	0.558392	1.08922	0.232595	0.336189	-2268.5	0.00761501
4062000	14.9832	1.31971	89.5851	99.6063	0.487116	1.10329	0.216002	0.294099	-2267.8	0.0076546
4159000	15.4861	1.22866	76.2576	100.043	0.451931	1.2172	0.198407	0.275619	-2267.8	0.00765977
4248000	16.1487	1.52998	93.3144	89.8963	0.516345	1.15391	0.253151	0.272722	-2267	0.00766761
4333000	16.5844	1.60708	94.4445	94.2569	0.539927	1.17216	0.248054	0.281646	-2267.1	0.0076372
4388000	16.3537	1.32292	85.2104	103.715	0.555039	1.11189	0.189324	0.280506	-2267.9	0.0076217
4470000	14.1121	1.16404	78.083	111.812	0.466313	1.11917	0.210777	0.225593	-2267.6	0.00761857
4578000	14.8785	1.39223	93.8613	84.8245	0.481422	1.09696	0.240401	0.29859	-2267.8	0.00762473
4691000	16.0587	1.44413	90.1009	90.1571	0.462665	1.2612	0.221154	0.28112	-2266.8	0.00762865
4856000	14.6469	1.19083	78.5998	99.449	0.45084	1.20148	0.202017	0.268052	-2267.4	0.00762253
5029000	16.0018	1.59746	93.98	87.8513	0.448564	1.24144	0.262284	0.294976	-2266.9	0.00764267
5049000	15.6426	1.59013	95.3332	87.9342	0.45918	1.15995	0.194705	0.296302	-2267.3	0.00765478
5088000	15.5232	1.46206	97.974	93.3045	0.487229	1.25584	0.224929	0.284454	-2268	0.00766647
5226000	15.8456	1.21702	92.1326	101.821	0.487724	1.16587	0.187927	0.258063	-2268.5	0.00764524
5257000	15.165	1.28818	74.4033	105.849	0.442477	1.16232	0.216474	0.291194	-2267.1	0.00764466
5444000	13.582	1.44419	95.3448	93.6764	0.489043	1.00849	0.267552	0.277452	-2268.6	0.00764842
5591000	17.9138	1.73043	117.973	90.9141	0.542958	1.05114	0.228193	0.327155	-2267.2	0.00762332
5780000	17.6527	1.50226	98.0178	87.3878	0.52801	1.27149	0.195419	0.313734	-2268.8	0.00762543
5798000	15.7762	1.24509	74.476	97.4586	0.460622	1.2765	0.21841	0.25319	-2267.7	0.00762711
5934000	14.8704	1.35915	94.6603	93.2639	0.493605	1.14574	0.238908	0.269846	-2267.6	0.00760988
6042000	13.4038	1.51404	89.2946	103.521	0.479515	1.10685	0.241294	0.261733	-2268.3	0.00763125
6156000	15.1735	1.28305	100.835	84.4313	0.450391	1.22793	0.24636	0.294678	-2266.5	0.00764165
6285000	15.5133	1.16824	92.1865	89.6026	0.497076	1.15861	0.210616	0.266797	-2267.3	0.00764726
6430000	15.4737	1.42436	86.4971	98.607	0.458639	1.01091	0.185772	0.283069	-2268.8	0.00763701
6486000	16.3363	1.28112	82.6288	106.452	0.465929	1.19749	0.197798	0.266819	-2267.1	0.007642
6868000	15.6154	1.54398	86.3731	90.9623	0.444707	1.16544	0.241359	0.257131	-2267.2	0.00765623
6873000	17.2235	1.55467	104.678	82.9557	0.475089	1.1998	0.189218	0.281924	-2267.1	0.0076543
7494000	15.8245	1.47341	90.3348	104.059	0.460686	1.08721	0.207503	0.285699	-2267.2	0.00768361
7630000	14.8483	1.23344	85.8381	106.15	0.462395	1.28527	0.223508	0.267778	-2267.1	0.00770511
7730000	16.0106	1.37615	82.1031	106.163	0.480646	1.16904	0.220382	0.298504	-2266.6	0.00769987
7865000	16.1109	1.53332	98.4653	89.6003	0.501407	1.20401	0.248433	0.26292	-2267	0.00769116
7961000	16.5172	1.64217	96.3174	83.1658	0.554911	1.22397	0.261827	0.27062	-2267.6	0.00767391
7976000	15.4359	1.19074	74.258	109.59	0.440052	1.17049	0.214463	0.296632	-2267.4	0.00767014
8009000	15.1816	1.15555	73.0481	104.245	0.446075	1.23386	0.189425	0.24587	-2267.1	0.00766837
8159000	17.265	1.69833	96.3421	90.9986	0.515007	1.00174	0.197814	0.303726	-2268.2	0.00768195
8243000	15.4034	1.28278	82.1587	104.457	0.472507	1.06902	0.218809	0.271183	-2268	0.00768228
8342000	17.0734	1.54932	97.8566	90.267	0.483682	1.25813	0.245897	0.343121	-2266.7	0.0076888
8548000	16.7153	1.56701	100.048	82.8464	0.444706	1.24934	0.223054	0.25199	-2267.1	0.00768741
8737000	15.608	1.5827	95.6852	80.632	0.446735	1.1228	0.237196	0.265042	-2267.4	0.00770619
9043000	15.4248	1.42286	87.7154	90.1769	0.468258	1.27291	0.20555	0.296241	-2267.2	0.00771934
9183000	16.2799	1.68603	95.7036	105.646	0.524454	1.14252	0.245731	0.310598	-2267.9	0.00772395
9320000	15.1925	1.35882	73.2333	111.472	0.487812	1.02476	0.261011	0.26869	-2267.6	0.00772586
9502000	15.9708	1.47444	87.0144	101.115	0.472603	1.11012	0.191165	0.342692	-2266.9	0.00772185
9592000	13.7889	1.35599	91.0295	95.6744	0.461356	1.09527	0.246258	0.220241	-2271.7	0.00772581
9683000	15.2278	1.48816	96.1038	97.979	0.440185	1.24735	0.20391	0.273097	-2267.4	0.00772922
9709000	17.413	1.55709	95.2247	105.592	0.494805	1.15641	0.234443	0.340492	-2267.4	0.00773159
9923000	15.42	1.45075	92.925	91.5721	0.479964	1.18361	0.243039	0.280394	-2268.2	0.00771672
9951000	16.4934	1.59589	88.5653	94.817	0.460069	1.18431	0.214207	0.306957	-2266.7	0.00772073
9966000	16.0508	1.34479	91.4914	97.4523	0.471095	1.02807	0.190526	0.27251	-2267.1	0.00772175
10469000	17.6338	1.61463	95.5964	97.9978	0.522584	1.16793	0.251306	0.310715	-2268.2	0.00773398
10587000	16.4762	1.29353	82.1013	106.188	0.496515	1.29467	0.215976	0.259237	-2267.1	0.00774629
10800000	15.7224	1.55988	89.2024	94.9714	0.547623	1.24171	0.262787	0.345513	-2267.3	0.00775639
10910000	17.1331	1.64625	93.8646	99.485	0.502431	1.00418	0.213374	0.311692	-2267.9	0.00774216
10960000	16.1395	1.50605	93.0292	95.0615	0.446595	1.01778	0.229999	0.291245	-2268.5	0.00774836
10963000	16.0165	1.42782	91.5912	101.995	0.441143	1.24431	0.193819	0.261041	-2267	0.00774897
10998000	15.8612	1.62629	99.5288	90.4276	0.49383	1.18866	0.229219	0.287234	-2267.3	0.00774732
11013000	14.5921	1.369	96.0303	94.4858	0.454415	1.17338	0.266818	0.2927	-2268.1	0.00775211
11318000	14.6869	1.36075	77.9905	103.552	0.559511	1.06296	0.187285	0.268167	-2267.2	0.00774289
11349000	14.6345	1.14144	73.5214	104.713	0.448292	1.14389	0.19308	0.29242	-2267.2	0.00774192
11539000	16.5692	1.50792	90.1368	100.03	0.442202	1.21503	0.223159	0.25187	-2266.8	0.00773559
11668000	14.9206	1.48739	89.2311	98.7034	0.485002	1.06325	0.207386	0.26485	-2267.7	0.00773706
11805000	15.9212	1.21817	83.6965	106.414	0.523204	1.2778	0.184033	0.287603	-2266.9	0.00773935
11882000	18.3083	1.7088	100.968	101.222	0.519633	1.02708	0.200233	0.347713	-2268.3	0.00774028
11907000	15.7473	1.4565	94.5019	99.456	0.480914	1.25407	0.215852	0.2737	-2267.4	0.00774057
12056000	15.2138	1.52271	89.4515	97.8344	0.443038	1.24483	0.204321	0.25465	-2267.7	0.00773689
12184000	14.6324	1.36813	97.7513	93.562	0.495759	1.00334	0.231847	0.262876	-2267.6	0.00772644
12257000	16.3138	1.67275	106.232	88.177	0.449186	1.04267	0.26312	0.323391	-2267.2	0.00772734
12274000	15.5209	1.28005	73.2995	105.94	0.503415	1.28298	0.191869	0.251492	-2266.9	0.00772495
12288000	15.9226	1.19549	81.5169	106.663	0.444253	1.19208	0.187523	0.277539	-2266.7	0.00772656
12596000	15.2374	1.39518	97.0928	100.426	0.452893	1.08237	0.249764	0.266993	-2267.6	0.00771213
12623000	15.2349	1.36455	96.1386	90.3841	0.486608	1.2368	0.237726	0.328264	-2266.8	0.00770863
12783000	16.3984	1.41021	91.5625	94.0137	0.451144	1.23565	0.205993	0.27749	-2266.8	0.00770163
12867000	16.3571	1.6658	93.8266	109	0.550754	1.10084	0.24481	0.29095	-2266.9	0.00770428
12968000	16.8045	1.52352	101.694	92.7636	0.477689	1.2231	0.251791	0.317363	-2266.9	0.00769965
13021000	16.4268	1.42486	89.3889	98.7891	0.496735	1.2587	0.204812	0.294192	-2267	0.0077001
13048000	15.3833	1.53882	96.0121	98.3571	0.473947	1.17321	0.190579	0.318042	-2266.7	0.0077011
13275000	15.887	1.46612	94.2821	93.3432	0.485301	1.15464	0.207808	0.315186	-2266.8	0.0077081
13339000	16.8796	1.63289	99.0878	93.3064	0.531034	1.20996	0.189906	0.316936	-2268.2	0.00770238
13444000	16.0259	1.52103	89.1551	98.5115	0.527011	1.04387	0.22935	0.302193	-2266.8	0.00769287
13541000	16.3283	1.66465	104.226	88.6888	0.488039	1.20614	0.266003	0.314902	-2267	0.00769242
13669000	14.9593	1.36067	90.6767	89.5544	0.495722	1.14048	0.211804	0.267381	-2267.3	0.00768557
13698000	15.1086	1.4498	88.8191	103.869	0.456691	1.05699	0.204478	0.276058	-2267.3	0.00768718
13710000	15.631	1.47668	88.8261	109.64	0.452237	1.00221	0.218701	0.273455	-2267.2	0.0076876
13807000	16.1729	1.56574	95.6455	94.9216	0.486586	1.15474	0.208959	0.255602	-2267.2	0.0076832
13989000	15.5104	1.35114	84.8788	109.14	0.492388	1.08944	0.191913	0.266622	-2267.6	0.00768797
14050000	15.6003	1.16796	88.2719	95.6659	0.453787	1.25702	0.203786	0.282917	-2268.5	0.00768797
14292000	14.6302	1.46544	89	100.167	0.447382	1.14362	0.222932	0.273484	-2267.7	0.00767471
14418000	15.3909	1.27653	79.6785	105.176	0.517962	1.25231	0.21406	0.29994	-2267.3	0.00767686
14452000	14.5638	1.25263	94.1016	89.5228	0.478647	1.19534	0.234148	0.291167	-2267.7	0.00767368
14568000	14.69	1.17576	83.549	105.129	0.481538	1.20746	0.211074	0.281494	-2267.1	0.00767099
14724000	15.589	1.32901	96.5179	88.5088	0.455724	1.17652	0.238615	0.338937	-2266.8	0.00767529
14728000	15.4802	1.29492	75.8433	105.446	0.513915	1.00446	0.202177	0.252921	-2268	0.00767626
14848000	16.8149	1.68613	108.082	82.1207	0.522382	1.29313	0.259058	0.272536	-2266.9	0.00767504
14902000	16.1557	1.62756	99.997	91.4278	0.471418	1.17962	0.242364	0.291778	-2267.7	0.00767729
15155000	16.6399	1.59197	96.2183	83.2551	0.501944	1.21286	0.264384	0.335794	-2267.1	0.00767219
15450000	15.6778	1.26009	77.9078	104.843	0.54548	1.07239	0.184182	0.286725	-2268	0.00767456
15527000	16.1676	1.4773	88.503	96.1222	0.499173	1.0589	0.213625	0.348104	-2266.9	0.00767624
15554000	15.2975	1.72509	96.7404	104.639	0.53219	1.12539	0.259803	0.306907	-2267.8	0.00767712
16156000	15.8939	1.57014	95.1015	98.1698	0.468708	1.25319	0.204518	0.323123	-2266.7	0.00765431
16304000	14.7412	1.35011	89.0026	87.5736	0.472608	1.193	0.230565	0.257685	-2268	0.00765236
16471000	15.2848	1.46267	87.7918	104.845	0.467754	1.07419	0.199903	0.270726	-2267.2	0.00765278
16699000	14.3113	1.36132	93.475	92.3201	0.481703	1.139	0.197378	0.277478	-2269.7	0.00765848
16718000	15.4954	1.4365	94.0313	98.7329	0.485832	1.21228	0.250411	0.284961	-2266.7	0.00765749
16813000	14.1635	1.2936	117.393	77.4961	0.471155	1.0695	0.231339	0.262746	-2272.1	0.00766324
16901000	14.2544	1.37534	98.3999	107.317	0.450419	1.03652	0.187237	0.279015	-2269.2	0.00765978
16921000	14.1285	1.43417	97.2262	93.4056	0.476014	1.18706	0.19791	0.293452	-2270.3	0.00766054
16981000	15.8561	1.52103	87.2609	99.9934	0.482286	1.16635	0.184349	0.288699	-2267.7	0.00766362
17309000	16.2353	1.42972	97.8006	95.1296	0.47007	1.20841	0.205296	0.29335	-2268.6	0.00766301
17439000	15.3036	1.2566	76.0647	107.203	0.477615	1.28322	0.221983	0.275714	-2267	0.00765692
17614000	16.4189	1.32508	87.8949	97.0759	0.440047	1.25165	0.209285	0.250041	-2267.3	0.0076664
17673000	16.8147	1.37818	88.9161	94.1511	0.473988	1.24283	0.216012	0.311232	-2267.4	0.00766486
17858000	14.5773	1.39596	97.0353	81.4474	0.495521	1.24491	0.20315	0.280862	-2266.9	0.00767169
17994000	15.198	1.10935	80.6393	100.725	0.482687	1.0543	0.212309	0.205513	-2267.4	0.00766583
18028000	17.3933	1.69857	102.278	93.8071	0.483852	1.07856	0.245621	0.312673	-2268	0.00766541
18172000	16.2348	1.21266	85.425	105.09	0.458501	1.24799	0.218781	0.29868	-2266.7	0.00764968
18284000	15.6802	1.1049	77.544	105.569	0.457836	1.20082	0.192692	0.251486	-2267	0.00765117
18403000	16.1084	1.5897	92.6107	92.0546	0.468202	1.03007	0.220635	0.316869	-2267.3	0.00765598
18453000	13.8693	1.48964	97.4098	86.595	0.54333	1.02581	0.239693	0.256295	-2268.1	0.00765203
18474000	15.9623	1.49717	97.901	100.328	0.478538	1.26206	0.217672	0.29816	-2266.8	0.00765248
18610000	15.4732	1.41833	94.8177	88.5967	0.48282	1.22659	0.186524	0.321249	-2267	0.00765519
18642000	15.0844	1.47666	94.8262	91.0928	0.536101	1.11586	0.263278	0.284992	-2267.7	0.0076554
18762000	15.7721	1.5741	86.8219	97.2024	0.464012	1.04449	0.204416	0.285382	-2266.6	0.00765451
18795000	15.4968	1.50855	88.0342	93.0573	0.46377	1.13972	0.192186	0.29116	-2268.1	0.00765289
18889000	16.5072	1.51489	88.4661	101.444	0.548041	1.02584	0.234968	0.303381	-2266.8	0.00765175
18913000	15.6958	1.51399	95.9461	98.2911	0.493749	1.2898	0.191141	0.327876	-2266.8	0.00765357
18950000	16.1784	1.57299	92.0392	98.3329	0.485739	1.04264	0.251498	0.324076	-2266.7	0.00765235
19028000	16.2799	1.51893	92.7453	92.8155	0.468169	1.26841	0.19372	0.3077	-2268.7	0.00764973
19240000	15.1404	1.29367	103.373	75.1419	0.457491	1.26198	0.186446	0.267945	-2267.7	0.00765478
19246000	14.6598	1.57778	89.0302	101.375	0.521591	1.07631	0.255247	0.25212	-2267.6	0.00765406
19578000	11.8215	1.226	73.8039	104.76	0.476417	1.10501	0.254491	0.180252	-2269.5	0.0076589
19669000	15.6423	1.32151	90.5897	88.5823	0.49807	1.23118	0.211999	0.311182	-2267.4	0.00765545
19706000	16.0344	1.36317	98.8918	93.2478	0.492707	1.1789	0.196859	0.317841	-2266.9	0.00765442
19757000	15.7393	1.47596	96.5083	94.9988	0.494227	1.15659	0.190497	0.256206	-2268	0.0076584
19981000	17.1642	1.65885	100.722	90.7977	0.531098	1.25164	0.188407	0.301301	-2268.2	0.00765157
20249000	15.7272	1.37436	92.5477	100.54	0.482399	1.10254	0.214648	0.311355	-2266.5	0.00765307
20317000	16.2429	1.48703	96.6584	96.3599	0.452813	1.25066	0.210515	0.255281	-2266.8	0.0076564
20463000	16.5244	1.33904	98.8323	90.2302	0.449433	1.28167	0.184028	0.343452	-2266.9	0.00765929
20548000	15.483	1.54201	108.325	92.0186	0.494028	1.18504	0.247421	0.267771	-2266.3	0.00766099
20619000	16.1817	1.52964	94.3545	91.3234	0.50836	1.24596	0.239857	0.329949	-2267.3	0.00766017
20678000	17.2574	1.56358	89.5307	99.3055	0.492842	1.08332	0.194294	0.316641	-2267.4	0.00766133
21121000	16.456	1.17013	85.5578	105.842	0.559016	1.25038	0.209015	0.270094	-2266.9	0.00765092
21422000	16.4565	1.48191	87.1324	116.623	0.463328	1.10312	0.223235	0.277316	-2268.2	0.00764896
21573000	15.6163	1.31901	99.9515	80.6276	0.457055	1.2369	0.229241	0.288852	-2268.2	0.00764919
21629000	15.4841	1.5623	87.1407	101.89	0.454275	1.12703	0.248876	0.265075	-2267.1	0.00765292
21787000	16.029	1.55713	86.5186	90.5056	0.443994	1.1683	0.197813	0.27256	-2267.3	0.0076531
21965000	16.1602	1.66842	92.9273	85.7095	0.514044	1.1035	0.248486	0.275408	-2267.7	0.007658
21971000	14.6851	1.41705	101.414	83.1482	0.469197	1.15233	0.26388	0.258812	-2267.6	0.00765809
22223000	15.5336	1.54254	92.7657	90.4074	0.473754	1.22698	0.249097	0.31772	-2267.7	0.00765972
22506000	15.5615	1.59709	95.9342	102.262	0.507476	1.01459	0.202797	0.256645	-2268.7	0.00766507
22548000	14.8811	1.48909	91.8647	102.002	0.457654	1.10737	0.192019	0.260585	-2267.7	0.0076668
22771000	16.9273	1.57113	89.8107	101.178	0.480046	1.12986	0.204229	0.308785	-2267.4	0.00766905
22801000	15.5395	1.2445	93.1125	90.3713	0.487945	1.21967	0.198909	0.317892	-2266.7	0.00767032
22827000	16.1385	1.65022	98.1994	81.7698	0.530668	1.24078	0.236941	0.29621	-2267.6	0.00766956
23128000	18.6879	1.86181	108.487	98.6762	0.486875	1.10275	0.230305	0.315296	-2272	0.00766634
23211000	15.9008	1.45752	89.4734	89.358	0.441702	1.23249	0.202357	0.346151	-2267.1	0.00766085
23242000	16.5536	1.47631	102.35	81.1114	0.442591	1.26331	0.260906	0.30189	-2267.5	0.00766268
23253000	16.7625	1.39864	110.669	82.7594	0.468939	1.23766	0.257497	0.268161	-2268.5	0.00766301
23427000	16.3189	1.46122	90.4047	97.4012	0.509672	1.09818	0.26551	0.314	-2266.8	0.00766214
23433000	16.0504	1.44367	95.4585	100.707	0.488225	1.18442	0.262315	0.327833	-2267	0.00766253
23446000	14.403	1.66372	95.6159	98.3975	0.479743	1.10579	0.253758	0.26099	-2268	0.00766293
23463000	14.4383	1.19265	94.3708	93.2159	0.480428	1.14964	0.184431	0.258132	-2271	0.00766313
23677000	15.6423	1.23695	77.3157	104.156	0.498441	1.26155	0.209716	0.27449	-2267	0.00766292
23711000	15.0942	1.36156	94.2395	97.9487	0.487333	1.14912	0.211984	0.253862	-2268.5	0.00766315
23716000	14.4632	1.36202	85.2153	109.354	0.458584	1.12711	0.193967	0.22253	-2268.1	0.00766424
23807000	17.4622	1.72896	100.691	94.6162	0.490555	1.00208	0.254644	0.332089	-2268	0.00766632
23881000	15.26	1.56552	109.761	77.5677	0.491333	1.1287	0.239074	0.267537	-2267.4	0.00767003
23902000	15.91	1.42638	93.9866	98.7788	0.452739	1.16633	0.238611	0.300339	-2267	0.00766978
23905000	17.9145	1.71932	103.687	91.0203	0.462	1.03475	0.226411	0.313515	-2268	0.00767003
23934000	15.4948	1.52008	100.301	96.5804	0.456574	1.27071	0.245051	0.294077	-2267.3	0.00766947
23976000	15.4002	1.48367	92.7573	98.7944	0.450663	1.20135	0.20105	0.303711	-2266.8	0.00767075
24481000	16.0162	1.20495	89.1589	98.5624	0.479645	1.13928	0.20257	0.3287	-2267.8	0.00766799
24659000	14.5205	1.23139	105.459	79.7712	0.450188	1.27201	0.197164	0.256071	-2269.9	0.00767026
24838000	15.3924	1.19245	86.2943	100.039	0.494928	1.28967	0.21755	0.25286	-2268.5	0.00767683
24897000	16.1782	1.50024	86.2301	97.8971	0.478816	1.20454	0.202218	0.25995	-2266.8	0.00767542
25003000	16.499	1.43213	90.8142	100.997	0.473636	1.21878	0.192215	0.282121	-2267	0.00767532
25017000	15.4857	1.48745	88.6895	101.882	0.467194	1.23401	0.190905	0.333462	-2266.7	0.00767622
25249000	14.9912	1.55715	96.5368	91.7879	0.55311	1.13056	0.240394	0.264631	-2268.4	0.00767179
25268000	15.6151	1.23657	79.6362	105.439	0.525757	1.20477	0.220047	0.258213	-2267.3	0.00767065
25295000	15.5034	1.27352	73.0121	104.408	0.515444	1.2928	0.201294	0.288872	-2266.9	0.00766863
25343000	15.6491	1.09759	77.8804	108.746	0.450512	1.15046	0.217629	0.276132	-2267	0.00767056
25437000	15.7694	1.22848	74.9129	105.71	0.491268	1.16109	0.197813	0.265057	-2267.4	0.0076706
25467000	14.6235	1.35965	97.5063	99.9601	0.449213	1.15218	0.22501	0.254646	-2267.3	0.00767032
25763000	15.9024	1.37581	85.3181	109.822	0.518537	1.18583	0.187101	0.299688	-2267.4	0.00767624
26290000	16.2657	1.42775	96.7899	80.8891	0.468271	1.15593	0.208795	0.30923	-2267.9	0.00766987
26345000	17.1506	1.52997	95.855	88.1394	0.483247	1.15033	0.205593	0.310363	-2267.7	0.00766817
26433000	14.9949	1.41498	95.8026	84.1264	0.490203	1.27562	0.220435	0.291736	-2266.9	0.00767079
26539000	17.6487	1.63198	99.8266	100.804	0.449661	1.15548	0.230115	0.311168	-2269.2	0.00767067
26567000	16.2563	1.49601	97.509	98.3123	0.459649	1.04003	0.265535	0.264549	-2268.5	0.00767049
26603000	16.5596	1.59665	89.9677	98.99	0.443582	1.09264	0.252345	0.2513	-2266.6	0.0076715
26608000	16.2234	1.24762	85.7692	107.884	0.497801	1.16091	0.211737	0.268877	-2267.1	0.00767164
26669000	16.3797	1.545	88.2636	93.1285	0.554999	1.05275	0.220272	0.342195	-2267.6	0.00767127
26807000	16.4493	1.58568	95.3577	89.7081	0.520854	1.20388	0.245902	0.250273	-2267	0.00766994
26951000	16.2021	1.59638	93.8873	100.803	0.505914	1.13434	0.215959	0.269217	-2267	0.00767315
27027000	16.5111	1.51801	97.1892	87.2674	0.490548	1.29722	0.23814	0.268486	-2267	0.00767418
27051000	16.4534	1.36296	89.33	104.535	0.481836	1.04607	0.209788	0.268355	-2267.2	0.00767524
27085000	15.9874	1.54555	91.6239	92.0345	0.500473	1.08922	0.19435	0.307276	-2267.6	0.00767654
27207000	14.9525	1.49073	87.8483	96.1738	0.458508	1.09473	0.208474	0.25614	-2267.7	0.00767218
27607000	16.1131	1.55984	95.3256	89.0662	0.520379	1.18912	0.249777	0.271149	-2267	0.00768073
27812000	15.2602	1.57268	104.007	86.7535	0.496971	1.09123	0.226725	0.261152	-2268.7	0.00768104
27883000	15.2096	1.34023	87.7659	88.9658	0.452277	1.25976	0.18559	0.309992	-2267.4	0.00768027
28076000	15.1941	1.50289	92.7807	91.3524	0.480905	1.20486	0.235039	0.290857	-2267.8	0.00768069
28128000	16.5557	1.3958	89.5875	101.042	0.48433	1.18214	0.197314	0.272469	-2267	0.00768139
28997000	15.217	1.46555	92.8942	95.1538	0.51827	1.0959	0.242377	0.292533	-2267	0.00768393
29122000	15.6719	1.65544	106.699	99.2627	0.540622	1.12239	0.258233	0.253173	-2268.6	0.00768556
29251000	16.2782	1.36321	81.4993	106.075	0.501642	1.14767	0.217726	0.275325	-2267.9	0.00768699
29468000	14.8164	1.54563	91.0222	100.522	0.518107	1.14774	0.255435	0.285308	-2267.6	0.00768753
29565000	15.5908	1.45853	94.8567	84.8288	0.462891	1.13385	0.240939	0.277439	-2267.4	0.00768598
29583000	15.4749	1.4479	88.9314	93.658	0.458708	1.25312	0.19222	0.259162	-2267.2	0.00768634
29587000	17.2246	1.40297	105.758	86.4854	0.466611	1.24052	0.24581	0.272181	-2268.5	0.00768618
29763000	15.3406	1.57171	91.0971	99.9062	0.49752	1.04298	0.199282	0.293448	-2266.6	0.0076874
29804000	14.7149	1.4084	102.515	86.756	0.463483	1.29537	0.198785	0.28344	-2268.4	0.00768773
29817000	11.9706	1.30295	86.6373	87.632	0.48958	0.955499	0.228359	0.241571	-2273.6	0.00768612
29877000	16.5282	1.55849	91.1107	92.2065	0.48956	1.22095	0.191605	0.349222	-2266.7	0.00768477
30142000	16.145	1.32962	87.4388	102.268	0.47803	1.00249	0.223446	0.260675	-2267.1	0.00768443
30235000	15.5255	1.53523	93.9926	102.163	0.452206	1.28319	0.221487	0.339881	-2266.7	0.00768404
30267000	16.5711	1.51297	87.7301	96.3159	0.463108	1.08503	0.215001	0.305629	-2266.9	0.00768342
30389000	15.8197	1.56765	98.6955	96.9316	0.546892	1.07025	0.21098	0.263321	-2268.7	0.00768044
31095000	16.6798	1.72216	97.1502	84.4849	0.518057	1.27389	0.239469	0.340279	-2270.1	0.00767741
31279000	16.0194	1.35854	83.8129	107.288	0.466062	1.21261	0.187015	0.256704	-2266.6	0.00768126
31361000	16.4775	1.52735	90.1239	95.2147	0.539178	1.06388	0.231408	0.340289	-2268.5	0.00768346
31444000	16.4091	1.56786	104.785	81.9865	0.469088	1.11086	0.234936	0.313548	-2267.6	0.00768121
31495000	16.5165	1.40821	103.422	93.9894	0.457648	1.17685	0.212522	0.335525	-2266.5	0.0076823
31525000	14.4678	1.32905	83.019	105.319	0.461618	1.03682	0.194522	0.214131	-2268.1	0.0076826
31585000	15.7188	1.29199	73.3098	99.7118	0.514507	1.25946	0.223842	0.268862	-2267.4	0.00767861
32291000	15.3705	1.25367	75.1251	99.8702	0.528989	1.18433	0.19487	0.299445	-2267.4	0.00767307
32294000	16.0508	1.3093	77.8773	107.792	0.527185	1.16936	0.206792	0.252966	-2266.9	0.00767325
32396000	16.3028	1.56127	99.2141	88.6217	0.489173	1.03979	0.258383	0.317134	-2267	0.00767536
32471000	15.4461	1.47334	91.1444	88.1649	0.477957	1.05899	0.262237	0.273809	-2267.5	0.00767254
32569000	15.637	1.19019	78.1325	100.576	0.468005	1.15515	0.22155	0.25554	-2267.8	0.00767337
32754000	16.1348	1.66568	95.1033	93.4773	0.518237	1.15627	0.26371	0.256286	-2267.1	0.00767491
33234000	16.3185	1.63214	94.8089	90.9399	0.532455	1.23492	0.265113	0.275039	-2267.1	0.0076772
33324000	15.129	1.35571	90.7796	94.3079	0.469221	1.03651	0.220274	0.268152	-2267.3	0.00767774
33372000	16.5425	1.5672	96.2709	89.2771	0.525392	1.17421	0.231568	0.283722	-2267	0.00767886
33405000	15.8879	1.32902	82.3991	97.4238	0.49808	1.02009	0.198847	0.25969	-2267.4	0.00767885
33528000	15.2592	1.48513	86.8368	88.6558	0.480833	1.23217	0.214442	0.27897	-2267.3	0.00767675
33820000	15.8195	1.45507	104.483	99.7202	0.454008	1.22987	0.254243	0.297314	-2267.3	0.00767791
33902000	16.3475	1.55522	101.683	92.2099	0.448692	1.11772	0.232459	0.316853	-2267	0.00767899
33920000	15.1528	1.37935	97.0862	100.035	0.487474	1.21571	0.206108	0.296556	-2267.3	0.00767869
33971000	15.0078	1.44657	90.28	105.428	0.478134	1.11246	0.203979	0.2619	-2267.3	0.00767643
34076000	14.7372	1.49338	102.426	91.3488	0.46547	1.20645	0.267927	0.263746	-2267.6	0.00767716
34200000	15.4697	1.21595	79.4571	103.082	0.453314	1.22059	0.220595	0.267041	-2267.4	0.00767281
34396000	15.2885	1.23919	73.0907	105.43	0.523482	1.19401	0.198455	0.256004	-2266.9	0.00766848
34489000	15.8762	1.45285	92.0122	89.2973	0.492443	1.05764	0.234418	0.284352	-2267.5	0.00766752
34535000	16.1714	1.31167	101.86	88.3072	0.462084	1.18315	0.265702	0.331985	-2269.3	0.00766724
34704000	14.8149	1.34219	90.6121	89.9671	0.44336	1.16674	0.204587	0.281088	-2268.2	0.0076652
34817000	15.2194	1.37758	98.2302	95.7967	0.455096	1.08584	0.226063	0.291462	-2267.2	0.00766531
34852000	16.0651	1.44485	92.0088	105.502	0.465915	1.21196	0.192662	0.304457	-2267.6	0.00766762
35144000	15.0097	1.28916	77.1219	107.531	0.48013	1.04074	0.22113	0.284633	-2267.4	0.00766688
35199000	17.1103	1.45677	100.076	94.7071	0.499845	1.18467	0.253115	0.314219	-2266.9	0.0076665
35248000	16.665	1.70423	101.446	80.129	0.501596	1.2191	0.248769	0.325957	-2270.1	0.00766861
35254000	15.2538	1.55052	94.4939	96.4402	0.460058	1.16258	0.196829	0.330048	-2266.7	0.00766804
35753000	16.0509	1.47523	95.2224	102.28	0.448495	1.21766	0.204422	0.30922	-2266.9	0.00767085
35924000	14.6884	1.348	85.5322	107.787	0.464413	1.02135	0.185909	0.298749	-2268.1	0.00766916
35959000	15.763	1.28122	81.5249	96.4581	0.517439	1.00282	0.21542	0.274658	-2267.4	0.00766954
36075000	15.4846	1.51669	95.7443	97.6193	0.465834	1.28575	0.249988	0.25154	-2267.1	0.00766933
36124000	14.8064	1.30916	78.1426	103.048	0.446105	1.04271	0.19704	0.275507	-2267.1	0.00766991
36170000	15.5962	1.29017	83.0787	108.003	0.475702	1.00778	0.208236	0.258991	-2268	0.00766995
36243000	13.7519	1.27621	90.5554	96.9609	0.457955	1.11527	0.200271	0.283865	-2270.3	0.00767224
36353000	15.5395	1.61371	87.3855	94.821	0.530117	1.03426	0.240101	0.293697	-2267.8	0.00767472
36425000	13.8448	1.47545	92.7368	91.4716	0.518895	1.13054	0.245944	0.27525	-2268.3	0.00767673
36570000	16.9884	1.44765	108.812	82.4239	0.445862	1.28668	0.234665	0.279587	-2268.5	0.0076793
36612000	16.0187	1.58232	95.3638	94.0729	0.555541	1.18091	0.259751	0.265541	-2267	0.00767806
36618000	15.3476	1.24858	76.637	109.924	0.445275	1.27713	0.209689	0.291529	-2267	0.00767827
36864000	16.0636	1.54372	92.4222	99.786	0.537881	1.0749	0.193528	0.282696	-2268.7	0.00767882
36958000	15.0572	1.40686	91.2341	89.9629	0.500788	1.01525	0.226035	0.246643	-2270.6	0.0076802
37148000	15.9326	1.52728	90.1238	98.4634	0.484677	1.14629	0.226332	0.298189	-2266.6	0.00768095
37309000	14.2789	1.27823	76.2343	102.26	0.465233	1.09835	0.258009	0.243847	-2269.3	0.0076823
37373000	15.2429	1.29846	81.151	103.668	0.46088	1.05049	0.194663	0.257427	-2268	0.00768236
37417000	15.0284	1.12121	79.6227	100.21	0.493541	1.08178	0.217874	0.218131	-2267.4	0.00768183
37418000	14.8715	1.13821	84.3483	103.964	0.499646	1.14022	0.204591	0.295409	-2267.5	0.00768176
37429000	18.2267	1.52741	100.773	90.6419	0.523511	1.10782	0.204561	0.332762	-2272.9	0.0076826
37532000	15.5574	1.18011	79.3367	100.706	0.45434	1.16089	0.197667	0.25157	-2267.8	0.00768166
37534000	15.699	1.46239	98.3314	95.3006	0.482648	1.2622	0.206615	0.320262	-2266.8	0.00768181
37912000	15.826	1.62817	97.8277	89.2425	0.522844	1.11616	0.233872	0.29107	-2269.7	0.0076805
38388000	16.0686	1.49135	94.6261	89.9922	0.464178	1.08165	0.208126	0.286608	-2269.6	0.00766862
38662000	15.7333	1.36662	93.9551	99.9506	0.499811	1.2973	0.201708	0.262722	-2270.9	0.00767014
38797000	16.0701	1.3331	90.6806	102.279	0.448093	1.02072	0.214964	0.25792	-2267.1	0.00767183
38996000	15.4177	1.46881	90.6652	95.7135	0.5093	1.08093	0.211952	0.29243	-2266.6	0.00767299
39075000	15.3605	1.5505	92.8769	89.06	0.459658	1.00764	0.236415	0.267685	-2268	0.00767173
39123000	15.7236	1.39319	94.9334	90.8665	0.441106	1.23428	0.234604	0.33144	-2268.4	0.00767175
39295000	15.5839	1.34951	75.9086	100.789	0.468421	1.14403	0.194564	0.266565	-2268.3	0.00767161
39363000	15.8506	1.47691	97.8085	96.9205	0.460736	1.26976	0.202964	0.300241	-2266.8	0.00767342
39422000	15.1121	1.34401	75.1164	108.368	0.45619	1.03422	0.200998	0.272578	-2267.1	0.00767348
39488000	15.4086	1.45576	90.7276	98.9172	0.468453	1.2453	0.206735	0.303854	-2266.7	0.00767304
39514000	14.9247	1.28907	77.3217	109.24	0.472948	1.17965	0.203168	0.270446	-2267.1	0.00767267
39593000	16.487	1.46198	103.688	100.026	0.460975	1.08365	0.190302	0.321169	-2267.5	0.00767388
39604000	15.5093	1.56413	87.5301	89.3103	0.476222	1.25896	0.248657	0.281769	-2267.2	0.0076743
39620000	14.5153	1.23199	91.2493	94.472	0.449718	1.2763	0.203363	0.299691	-2266.9	0.00767388
39674000	18.5405	1.74436	94.1111	97.822	0.534295	1.19092	0.252352	0.317395	-2266.9	0.00767301
39836000	14.9669	1.14853	84.7082	106.377	0.454327	1.07094	0.187357	0.277305	-2267.5	0.00767514
39922000	16.4943	1.66707	98.3261	91.6361	0.530986	1.18079	0.243284	0.269609	-2267.1	0.00767351
39967000	15.4348	1.25623	81.7823	105.97	0.520043	1.07468	0.196929	0.257136	-2267.1	0.00767383
40161000	15.6141	1.49492	93.3253	99.4414	0.444966	1.16145	0.193065	0.333355	-2266.8	0.00767508
40239000	15.4743	1.42347	91.3666	103.691	0.465222	1.02852	0.258463	0.284144	-2267.5	0.00767576
40346000	15.4787	1.59352	90.4636	90.5182	0.495549	1.28329	0.258391	0.287714	-2267.2	0.00767856
40505000	15.2321	1.42473	89.5367	92.3327	0.464775	1.11683	0.184696	0.278526	-2267.4	0.00768011
40586000	16.6533	1.54445	97.9742	87.3852	0.511922	1.24901	0.260937	0.344869	-2267.1	0.00767895
40714000	15.0775	1.21086	77.9598	105.598	0.494818	1.20451	0.205061	0.261772	-2267.5	0.00767679
40895000	15.3526	1.3157	108.611	86.4887	0.491962	1.26602	0.229902	0.270544	-2268.9	0.00767739
41001000	15.4657	1.26803	74.7628	107.276	0.475421	1.04971	0.197551	0.251078	-2267.4	0.00767769
41007000	16.6221	1.70288	94.7673	104.091	0.536576	1.01004	0.22828	0.341422	-2269.6	0.00767766
41064000	16.0615	1.45941	89.1592	101.813	0.463105	1.07463	0.207422	0.329533	-2266.9	0.00767721
41101000	16.2636	1.30895	87.3983	104.971	0.496872	1.03366	0.1998	0.258439	-2267.2	0.00767487
41260000	15.5612	1.38429	88.0014	107.811	0.488391	1.05584	0.232382	0.251954	-2267.5	0.00767511
41400000	16.2559	1.54498	88.4759	96.4211	0.558429	1.16061	0.232551	0.3234	-2269.9	0.00767717
41679000	14.0688	1.50934	103.327	87.8538	0.530892	1.06529	0.263834	0.224958	-2268.5	0.00767547
41766000	16.1954	1.59682	96.4146	91.6843	0.492907	1.19391	0.240448	0.340659	-2268.4	0.00767576
41781000	15.0107	1.47777	106.148	98.7704	0.452038	1.09562	0.247393	0.284298	-2270.2	0.00767595
41834000	14.7189	1.35177	77.0177	107.681	0.500425	1.01934	0.198496	0.26868	-2267.2	0.00767557
42030000	15.1823	1.32315	73.1643	113.32	0.485424	1.06921	0.217167	0.277576	-2267.3	0.00767252
42100000	16.1553	1.59229	90.9146	91.2841	0.482653	1.26554	0.208965	0.347947	-2266.7	0.00767185
42336000	16.7838	1.62209	104.686	97.8485	0.54756	1.27486	0.256223	0.344128	-2267.3	0.0076726
42474000	15.7239	1.2823	80.1393	98.4665	0.526818	1.05438	0.220201	0.272346	-2267.4	0.007671
42502000	15.043	1.46872	92.8051	103.96	0.469648	1.13091	0.254511	0.291985	-2267.7	0.00767079
42546000	15.2158	1.36436	95.4061	96.3801	0.462597	1.11395	0.236677	0.299861	-2267.2	0.0076709
42730000	16.9523	1.75427	110.118	84.8897	0.507621	1.13866	0.263295	0.335699	-2269.7	0.00766887
42773000	16.371	1.49182	91.7421	95.4225	0.461558	1.24251	0.21199	0.284215	-2266.8	0.00766881
42815000	14.8156	1.23213	81.3132	97.9284	0.462276	1.0631	0.209437	0.225393	-2267.8	0.00766918
42919000	15.5049	1.13413	93.9206	88.5728	0.477437	1.2235	0.219486	0.26704	-2267.9	0.00766612
43201000	14.3501	1.41265	95.9356	79.7664	0.509184	1.12181	0.240446	0.254093	-2270.7	0.0076657
43470000	14.8741	1.28192	106	87.1587	0.480219	1.16162	0.253017	0.29615	-2268.1	0.00766375
43590000	16.4429	1.3685	80.3817	102.851	0.53871	1.02713	0.203052	0.27561	-2267.9	0.00766318
43629000	16.7148	1.73474	95.0475	89.3268	0.49011	1.25815	0.208117	0.327812	-2270.3	0.00766288
43766000	15.8945	1.3649	86.632	101.869	0.452857	1.26718	0.196057	0.338272	-2267.2	0.0076588
43843000	16.2571	1.64186	97.7102	83.3253	0.525259	1.27577	0.226081	0.289434	-2267.6	0.00765881
43961000	14.7989	1.23052	76.948	100.553	0.466316	1.1246	0.212886	0.293091	-2269.3	0.00765852
44090000	15.6397	1.50588	94.5362	96.2977	0.488748	1.16872	0.194869	0.339296	-2266.8	0.00765691
44198000	13.9362	1.45237	94.5508	100.313	0.482326	1.08035	0.21086	0.269655	-2268.3	0.00765922
44640000	14.8886	1.37713	84.9148	102.857	0.481407	1.12448	0.190722	0.2936	-2268.1	0.00766134
44665000	16.1408	1.36369	73.2035	109.063	0.471409	1.26599	0.207907	0.257385	-2266.7	0.00766202
44837000	15.2262	1.26101	79.4849	103.505	0.462502	1.28516	0.203906	0.28847	-2267	0.00766119
44920000	15.8349	1.33577	83.7353	95.0327	0.464557	1.10826	0.186525	0.294961	-2267.4	0.00765868
45023000	15.2018	1.5273	98.6307	95.1709	0.469938	1.20389	0.222996	0.343943	-2266.7	0.00766104
45115000	15.4371	1.37539	100.811	86.4291	0.486336	1.16216	0.22836	0.270522	-2268.2	0.00766251
45165000	16.5225	1.47173	98.0478	89.6596	0.477402	1.23968	0.208923	0.301129	-2268.7	0.00766323
45170000	14.6998	1.35038	90.0778	88.5445	0.467022	1.215	0.200732	0.274667	-2268.2	0.00766369
45391000	14.6751	1.12051	76.1059	105.836	0.463945	1.12392	0.192041	0.25905	-2267.2	0.00766427
45470000	14.9903	1.33757	77.6565	105.012	0.451579	1.08738	0.221474	0.287154	-2267.1	0.0076636
45599000	14.6117	1.23606	75.7317	103.249	0.482918	1.14613	0.225668	0.253747	-2267.4	0.00766396
45767000	16.271	1.4955	96.9269	80.7209	0.455235	1.20512	0.263009	0.271399	-2267	0.00766163
45819000	16.0246	1.6684	98.8336	86.7876	0.530614	1.14491	0.24765	0.299501	-2267.7	0.00766243
45951000	16.4385	1.41131	102.469	88.0486	0.441628	1.25494	0.226286	0.33157	-2267.6	0.00766334
45955000	15.8808	1.57643	95.6942	94.4379	0.445477	1.18565	0.207608	0.280185	-2267.3	0.00766358
45967000	16.7597	1.6637	86.2896	96.0969	0.483259	1.0675	0.217489	0.30014	-2268.1	0.00766321
46088000	15.0113	1.32229	95.6204	92.0713	0.468226	1.19661	0.263958	0.283256	-2268.1	0.0076651
46246000	14.9163	1.24954	82.5177	99.5747	0.489916	1.13614	0.212004	0.212614	-2267.5	0.00766423
46508000	15.6265	1.46117	97.8876	89.0519	0.454547	1.26319	0.198224	0.287831	-2268	0.00766427
46713000	15.2346	1.37613	94.8511	98.1958	0.472996	1.03578	0.240131	0.298189	-2267.2	0.00766281
46922000	15.958	1.46577	91.0859	97.7523	0.477184	1.2724	0.225191	0.255011	-2266.8	0.00766037
46951000	15.3375	1.54213	98.8125	96.9702	0.510663	1.12994	0.233217	0.324295	-2268.1	0.00766039
47546000	16.4807	1.49765	98.3956	97.622	0.498648	1.23868	0.20239	0.302671	-2266.9	0.00766069
47706000	17.6976	1.67557	105.271	95.3304	0.534988	1.08274	0.226305	0.312036	-2266.9	0.00766338
47862000	15.2486	1.54033	94.7546	96.3825	0.454921	1.18942	0.220059	0.343594	-2266.7	0.00766232
47910000	16.5065	1.38832	93.1531	80.5837	0.481802	1.26573	0.241695	0.304002	-2267.5	0.00766264
48154000	13.4673	1.3626	86.8475	88.1542	0.461275	1.04155	0.219496	0.246758	-2268.4	0.00766318
48311000	15.8969	1.3553	98.7846	98.1607	0.473679	1.04733	0.21898	0.329984	-2266.5	0.007662
48724000	16.4041	1.61197	99.4705	88.3429	0.515069	1.1588	0.261045	0.251932	-2268.1	0.00766025
48822000	14.9706	1.36277	97.8385	94.7037	0.450634	1.07682	0.247876	0.271743	-2267.6	0.00766011
48858000	16.5039	1.61987	96.7697	88.2996	0.548077	1.18195	0.24796	0.254201	-2267.1	0.00765995
48948000	14.7454	1.31175	83.6207	100.696	0.482093	1.09126	0.189572	0.26228	-2268	0.00766019
49018000	15.5492	1.49747	93.6305	98.997	0.478432	1.20545	0.26307	0.267378	-2267.1	0.00766012
49125000	15.7133	1.49704	93.6135	98.2314	0.468114	1.29543	0.248917	0.295772	-2267.1	0.00766015
49169000	16.1261	1.50146	92.6128	99.1559	0.468801	1.04517	0.226008	0.281218	-2268.5	0.00765946
49331000	17.3533	1.60525	103.087	100.124	0.469896	1.22507	0.260371	0.314631	-2269.2	0.00766088
49370000	15.5213	1.39368	97.4049	90.4372	0.441824	1.19974	0.238034	0.257111	-2268.2	0.00766125
49485000	15.9524	1.54501	91.6905	96.6422	0.509258	1.11044	0.229509	0.341303	-2268.5	0.00766111
49578000	15.5717	1.28291	83.3317	100.214	0.476537	1.1	0.188853	0.291178	-2267.9	0.00766084
49703000	16.8385	1.65849	101.361	100.947	0.442097	1.22275	0.232058	0.305127	-2266.6	0.00766173
49854000	15.9746	1.20058	82.7452	103.826	0.514639	1.15536	0.197641	0.279343	-2266.9	0.00766161
49964000	15.6376	1.52831	90.5608	97.8401	0.513617	1.1576	0.23465	0.259941	-2268.2	0.00766152
50398000	15.2633	1.47824	87.198	89.8108	0.47126	1.25111	0.217181	0.284676	-2267.3	0.00765437
50399000	16.1979	1.282	83.7069	103.006	0.509946	1.27687	0.197578	0.297545	-2267.2	0.00765444
50436000	15.6354	1.24369	94.7491	88.0728	0.484755	1.24989	0.202711	0.300756	-2266.7	0.00765519
51059000	14.638	1.50484	91.7704	109.31	0.480541	1.1481	0.228513	0.279408	-2267	0.0076574
51363000	15.855	1.54977	102.559	90.9482	0.443271	1.21992	0.22649	0.259178	-2267.7	0.00765362
51376000	14.0106	1.46232	96.0383	91.9102	0.532508	1.00073	0.210102	0.251133	-2275.3	0.00765369
51821000	16.769	1.46522	96.1545	94.4966	0.494978	1.28709	0.22162	0.334563	-2268.8	0.00765333
51949000	15.6672	1.44588	98.6547	96.65	0.442434	1.1434	0.265598	0.29528	-2267.6	0.00765476
52010000	14.9227	1.22317	79.2958	109.443	0.487467	1.15742	0.213815	0.276799	-2267.5	0.00765459
52218000	16.078	1.48245	91.4816	95.3409	0.453475	1.0387	0.187106	0.315086	-2266.9	0.00765677
52425000	15.6325	1.4806	97.4923	87.96	0.441382	1.17574	0.225869	0.315706	-2266.8	0.00765497
52462000	15.3816	1.43499	99.0581	97.1461	0.444381	1.02488	0.229706	0.260323	-2267.7	0.00765472
52686000	15.9715	1.65943	96.9933	90.0927	0.506994	1.28814	0.262002	0.285828	-2267.1	0.00765642
52723000	16.1607	1.27426	83.9067	102.855	0.484999	1.29844	0.192758	0.269959	-2267.1	0.00765634
52736000	16.5436	1.61732	93.7613	108.712	0.527332	1.09973	0.255593	0.285038	-2266.9	0.00765672
52814000	15.7819	1.37393	98.2737	100.267	0.476168	1.13464	0.260445	0.25109	-2267.2	0.00765521
53423000	16.0792	1.48736	88.2111	102.657	0.463847	1.08342	0.258171	0.277812	-2268	0.00765144
53841000	15.2999	1.38276	103.491	95.0293	0.459404	1.0021	0.233164	0.257251	-2267.7	0.00765502
53865000	14.879	1.28505	75.3976	111.473	0.49033	1.03017	0.246744	0.251616	-2268.1	0.00765538
53904000	15.7607	1.57237	105.311	91.3444	0.44999	1.28493	0.232976	0.265259	-2267.7	0.00765574
54010000	16.5838	1.54444	94.4036	93.4237	0.486161	1.08464	0.19062	0.348143	-2267.3	0.00765375
54397000	16.4628	1.43777	95.0562	97.2502	0.471473	1.17197	0.227261	0.321596	-2267	0.0076557
54501000	15.8788	1.62751	97.3613	92.7145	0.544698	1.0592	0.244358	0.293712	-2269.7	0.00765791
54589000	15.2247	1.24951	74.6359	103.512	0.544886	1.08174	0.219639	0.261403	-2268	0.00765889
54896000	12.4109	1.15351	69.365	105.88	0.491541	1.07526	0.216476	0.165848	-2271.5	0.00765801
54945000	15.3025	1.613	91.5787	88.6159	0.536138	1.03887	0.259291	0.269745	-2267.8	0.00765688
54954000	17.832	1.71312	105.44	107.801	0.465874	1.2092	0.24508	0.332758	-2269.8	0.00765662
55008000	16.8846	1.16809	85.5721	96.8461	0.500958	1.16892	0.222285	0.297236	-2268.5	0.00765523
55052000	12.8946	1.03374	78.6068	100.853	0.495299	1.14352	0.241552	0.226479	-2271.3	0.007655
55268000	16.15	1.59851	102.574	92.7751	0.459644	1.15705	0.247578	0.332051	-2267	0.00765658
55437000	14.7934	1.24469	78.8096	109.234	0.457743	1.07889	0.213345	0.26334	-2267.4	0.00765781
55526000	16.4681	1.43103	90.2114	101.663	0.456054	1.26215	0.202115	0.296055	-2267	0.00765301
55735000	14.946	1.24997	74.3757	107.083	0.468463	1.2522	0.217877	0.278257	-2267.1	0.00764857
55759000	12.0591	1.08092	81.9407	99.3079	0.470516	1.03394	0.204397	0.158073	-2269	0.00764863
55765000	14.958	1.32405	74.9712	104.198	0.474633	1.10912	0.260854	0.267837	-2268	0.00764847
55841000	14.5696	1.37318	99.4147	101.876	0.457719	1.14788	0.194542	0.257349	-2268.9	0.00764831
55879000	16.3806	1.44288	102.337	94.5341	0.447913	1.26833	0.202536	0.342937	-2266.5	0.00764804
56056000	16.1868	1.46817	93.5226	98.285	0.48048	1.29122	0.224376	0.315896	-2266.9	0.00764867
56153000	15.9055	1.25131	79.3673	108.538	0.472485	1.15278	0.193671	0.256835	-2267.4	0.00764915
56160000	17.004	1.70399	100.971	75.2037	0.548822	1.16711	0.253683	0.310976	-2268.3	0.00764899
56194000	15.3811	1.26708	90.8371	99.791	0.465559	1.19733	0.1972	0.283078	-2267.9	0.00764914
56318000	16.1319	1.52458	97.7118	92.4149	0.483135	1.10572	0.202567	0.275134	-2269.6	0.00764658
56381000	15.4217	1.38168	88.9697	109.381	0.482409	1.10786	0.266361	0.27338	-2267.5	0.00764804
56587000	15.3777	1.45846	94.7807	80.0729	0.457159	1.20564	0.263956	0.276864	-2269.3	0.00764619
56681000	14.7657	1.32592	76.875	108.061	0.482848	1.04652	0.243715	0.285401	-2268	0.00764657
56739000	15.5771	1.41598	92.8044	86.4924	0.498425	1.2747	0.258398	0.287135	-2267.5	0.00764797
56923000	15.286	1.44885	92.8517	83.066	0.499756	1.15959	0.230911	0.337834	-2267.2	0.00764775
56937000	16.0151	1.37052	94.4792	98.5003	0.491041	1.16408	0.212415	0.260608	-2267.5	0.00764766
57112000	15.6392	1.51834	93.5013	92.2246	0.453582	1.16514	0.216628	0.317529	-2266.8	0.00764482
57229000	16.2686	1.59374	90.1236	97.4613	0.483909	1.04665	0.240804	0.324863	-2266.7	0.00764576
57303000	16.5667	1.53328	97.0864	91.2752	0.445553	1.02159	0.212352	0.30583	-2267.3	0.00764649
57367000	16.462	1.71706	87.9835	97.5118	0.53507	1.04217	0.26375	0.325084	-2269.2	0.0076449
57500000	15.7049	1.4908	102.47	98.8253	0.466286	1.21553	0.248074	0.279613	-2267.3	0.00764683
57551000	16.46	1.55927	93.2609	92.8324	0.44677	1.26985	0.184301	0.260705	-2267.2	0.0076471
57750000	14.5024	1.22121	75.0632	95.2605	0.445765	1.27476	0.224285	0.277202	-2267.4	0.00764746
57753000	16.1083	1.40296	86.7323	92.0684	0.459064	1.22083	0.213342	0.267728	-2266.8	0.00764752
57821000	16.4658	1.60146	100.221	92.0219	0.488772	1.21857	0.265727	0.306856	-2267	0.00764714
57995000	15.5975	1.41634	92.7172	87.9182	0.45604	1.26939	0.244727	0.34147	-2268.4	0.00764411
58034000	16.0275	1.46564	94.8447	90.2784	0.49416	1.10885	0.26609	0.322084	-2268.5	0.00764523
58144000	15.8198	1.30893	101.727	81.8745	0.485268	1.19991	0.252987	0.276517	-2268.2	0.00764629
58248000	14.7631	1.27593	82.2212	100.431	0.475014	1.12796	0.186729	0.244966	-2267.5	0.00764785
58340000	15.4645	1.33646	96.0996	99.0478	0.441418	1.02129	0.229511	0.259726	-2267.2	0.00764899
58578000	16.6708	1.55532	90.4514	99.1397	0.475942	1.1248	0.195716	0.306499	-2267.4	0.00764903
58658000	15.1642	1.34576	74.5164	104.138	0.458677	1.13065	0.197483	0.266678	-2267.1	0.00764953
58757000	15.3197	1.33699	85.7287	107.098	0.490566	1.25525	0.201365	0.263879	-2268.7	0.00764942
58774000	14.3823	1.3283	81.0718	104.84	0.466796	1.06726	0.201347	0.223429	-2268.1	0.00764981
59002000	16.0329	1.39549	101.211	94.0142	0.45544	1.192	0.185708	0.329837	-2266.5	0.00765206
59131000	16.3589	1.53765	91.2921	108.447	0.443125	1.07583	0.237894	0.338708	-2268.8	0.0076536
59397000	12.5519	1.46693	90.6217	100.51	0.461342	0.957766	0.26263	0.201989	-2271.5	0.00764949
60352000	15.9451	1.44245	91.7042	95.5881	0.457704	1.13696	0.214813	0.29514	-2267	0.00765121
60451000	15.4474	1.47916	87.4505	93.6245	0.484039	1.2103	0.219178	0.265496	-2267.3	0.00765149
60614000	16.5472	1.66473	97.1303	91.5536	0.49876	1.22417	0.266527	0.272848	-2267.4	0.00765277
60711000	16.5263	1.55464	93.1731	91.8946	0.524393	1.27819	0.257954	0.28556	-2267	0.0076539
60752000	15.51	1.58942	98.7789	94.2797	0.479943	1.10301	0.262191	0.294234	-2268	0.00765381
61136000	15.684	1.49623	88.8432	92.7047	0.489923	1.16815	0.225171	0.256411	-2267.3	0.00765446
61956000	16.7787	1.40237	93.5181	94.9712	0.457208	1.21371	0.244549	0.300061	-2268.5	0.00765183
62014000	17.9141	1.67452	86.6461	90.414	0.521217	1.17301	0.229492	0.327649	-2268.8	0.00765179
62312000	15.36	1.34449	91.29	94.2867	0.451044	1.17652	0.208041	0.331643	-2267.4	0.00765363
62438000	16.625	1.67156	105.836	83.8365	0.488788	1.07897	0.245298	0.337454	-2267.8	0.00765455
62499000	14.8065	1.47867	93.7528	96.2051	0.483929	1.14299	0.22459	0.25887	-2268.4	0.00765414
62896000	15.6024	1.55879	94.1488	90.1583	0.46504	1.19747	0.217035	0.289824	-2267.3	0.00765658
63088000	16.0708	1.46456	93.6432	95.1232	0.467676	1.25783	0.212594	0.255196	-2266.8	0.00765607
63151000	15.6843	1.36562	80.6837	108.109	0.480277	1.07641	0.202957	0.253041	-2267.6	0.00765627
63219000	14.9786	1.37524	90.0091	101.527	0.485304	1.05552	0.207657	0.277815	-2267.8	0.00765648
63612000	15.9985	1.61119	98.4642	108.651	0.485805	1.08132	0.256853	0.317983	-2267.2	0.0076594
63743000	11.1075	1.24753	98.9561	92.1807	0.481053	1.11498	0.198755	0.17219	-2271.4	0.00765869
63789000	15.4275	1.61366	103.12	93.1914	0.468217	1.24153	0.248085	0.264602	-2267.3	0.00765754
63825000	14.8992	1.251	85.7848	101.538	0.473322	1.09103	0.221968	0.204639	-2267.5	0.00765775
64078000	17.1072	1.46288	104.486	91.8743	0.493435	1.23935	0.256963	0.327142	-2266.9	0.00766004
64116000	16.5466	1.32106	90.0198	96.422	0.448524	1.29225	0.196446	0.298311	-2267.3	0.00765977
64157000	16.3907	1.5796	96.0959	105.923	0.546106	1.13276	0.242559	0.291075	-2267	0.00765963
64160000	17.625	1.69578	96.963	88.8205	0.497785	1.19777	0.196153	0.342906	-2268.9	0.00765948
64335000	16.0726	1.44155	101.333	97.5583	0.452675	1.12593	0.249685	0.271104	-2268.4	0.00766062
64505000	15.2403	1.45186	97.0252	99.534	0.477849	1.10398	0.241641	0.271657	-2267.6	0.00766085
64569000	15.4192	1.38317	91.3756	89.5045	0.452157	1.19413	0.202202	0.263495	-2267.2	0.00766157
64625000	15.6962	1.60386	97.1005	102.966	0.452315	1.07978	0.254666	0.317842	-2267.1	0.00766219
64864000	15.693	1.33858	107.454	94.3572	0.464191	1.25508	0.235807	0.274553	-2267	0.0076635
64947000	16.2289	1.63306	100.921	94.0931	0.465452	1.29415	0.23699	0.263231	-2267.7	0.00766248
65035000	15.3149	1.16951	86.7264	88.1778	0.443736	1.28089	0.208189	0.251619	-2267.3	0.00766281
65047000	15.4275	1.38946	94.0911	84.8406	0.468903	1.21365	0.249767	0.265297	-2267.5	0.007663
65220000	15.7923	1.50262	93.7361	90.2507	0.479118	1.16902	0.205137	0.322714	-2266.8	0.0076625
65330000	15.7833	1.37971	98.5039	98.248	0.441269	1.09227	0.195589	0.339409	-2266.5	0.007663
65402000	15.8432	1.51087	94.9984	98.3623	0.485233	1.15416	0.218725	0.296305	-2267.4	0.00766342
65413000	15.106	1.32353	87.8842	93.1861	0.451197	1.12658	0.197391	0.289419	-2267.3	0.00766326
65431000	14.5211	1.33134	94.8032	87.592	0.457085	1.06152	0.24207	0.262138	-2267.6	0.00766291
65603000	15.4947	1.39285	92.5299	92.8679	0.446672	1.21263	0.252661	0.310854	-2268.4	0.00766316
65646000	15.6438	1.46119	92.1223	90.1029	0.469198	1.13713	0.22095	0.286265	-2268.1	0.0076626
65676000	15.2364	1.20925	74.9863	104.57	0.44871	1.11902	0.203238	0.263336	-2267.8	0.00766272
65928000	15.1904	1.34869	98.845	96.3321	0.484008	1.19819	0.189503	0.256526	-2267.3	0.00766356
66029000	16.076	1.49474	100.479	80.7676	0.492721	1.16861	0.216079	0.294289	-2266.9	0.00766406
66107000	14.2936	1.27019	75.7621	98.8455	0.46296	1.13201	0.226819	0.20786	-2269.3	0.00766421
66173000	14.9186	1.319	98.693	99.6685	0.47865	1.10113	0.19518	0.284798	-2268.5	0.00766536
66274000	16.2118	1.59317	95.3574	91.6306	0.537959	1.25319	0.241589	0.292729	-2267	0.00766634
66348000	15.6952	1.57417	93.1216	90.6115	0.49322	1.10591	0.264177	0.29585	-2268	0.00766643
66398000	14.955	1.15643	85.6655	109.256	0.449388	1.04308	0.188955	0.218332	-2267.6	0.00766663
66473000	14.0981	1.30353	93.7193	99.7428	0.447795	1.14538	0.222707	0.208265	-2270.1	0.0076671
66694000	16.2564	1.54	94.562	91.8253	0.452538	1.02376	0.204928	0.319661	-2267.3	0.00767018
66746000	16.3008	1.46483	99.8143	87.4162	0.460834	1.1741	0.205905	0.251218	-2266.9	0.00767068
66822000	14.6713	1.1715	75.1963	114.195	0.44605	1.14237	0.202012	0.202351	-2266.9	0.00767057
67284000	15.0901	1.14938	90.7637	100.804	0.46459	1.0988	0.213861	0.265265	-2272.5	0.0076722
67286000	16.2706	1.39909	96.9449	95.0873	0.490557	1.26414	0.257482	0.323767	-2267	0.00767225
67497000	16.5422	1.57135	105.391	88.1567	0.493172	1.12883	0.254706	0.305696	-2267	0.00767476
67645000	15.6913	1.27577	77.3155	98.627	0.506329	1.1439	0.218577	0.283196	-2268.2	0.0076739
67709000	16.0837	1.32755	82.4952	107.254	0.550491	1.06614	0.19303	0.294811	-2267.9	0.00767247
67747000	17.2328	1.47547	110.318	94.2046	0.448594	1.17588	0.259721	0.255357	-2266.5	0.00767281
67850000	16.4342	1.42908	102.128	94.5703	0.478127	1.1885	0.218963	0.343768	-2266.5	0.00767201
67862000	15.7883	1.51259	94.2993	89.6495	0.445727	1.29692	0.212674	0.280516	-2268	0.00767208
67943000	15.4635	1.48787	89.4139	94.996	0.447495	1.10836	0.222569	0.292563	-2268.1	0.00767273
68022000	15.4584	1.44995	91.5399	91.2485	0.488831	1.21636	0.211271	0.294664	-2267.2	0.00767396
68027000	15.7709	1.29187	84.8639	108.346	0.467815	1.16319	0.214094	0.26119	-2267.7	0.00767403
68146000	16.1548	1.53194	90.454	100.254	0.492941	1.04199	0.230315	0.276656	-2266.6	0.00767468
68149000	16.1163	1.52792	86.6726	87.7449	0.494815	1.24893	0.210467	0.285491	-2267.3	0.00767462
68235000	15.5913	1.47664	93.8814	97.0591	0.460408	1.24343	0.251793	0.282097	-2267.1	0.00767314
68392000	16.0454	1.68272	96.6247	85.5106	0.541368	1.23829	0.197029	0.301132	-2268.3	0.00767457
68501000	15.2862	1.49825	95.131	93.8093	0.488519	1.12461	0.216427	0.292621	-2267.9	0.00767513
68505000	16.4169	1.40573	89.0284	93.6727	0.447533	1.12573	0.189247	0.339885	-2271.5	0.00767521
68813000	16.319	1.60631	94.173	103.895	0.559818	1.14031	0.23267	0.28607	-2266.9	0.00767602
68875000	14.9148	1.32051	107.528	94.5812	0.452734	1.20349	0.214231	0.26131	-2268.5	0.00767746
68877000	16.2677	1.60987	94.1324	107.57	0.508435	1.097	0.240531	0.250528	-2266.9	0.00767753
69109000	15.3929	1.50843	100.315	97.8393	0.454886	1.1531	0.263019	0.296819	-2267.3	0.00767942
69183000	15.6723	1.34846	95.8614	93.189	0.456973	1.19108	0.244245	0.318099	-2266.8	0.00768067
69259000	16.3547	1.68075	109.581	87.6569	0.475853	1.07435	0.264948	0.332511	-2267.2	0.0076812
69266000	16.1652	1.55141	91.8105	99.2288	0.521172	1.06336	0.191982	0.284197	-2268.7	0.00768116
69338000	15.3125	1.50745	96.4161	101.461	0.462662	1.231	0.199181	0.323896	-2266.8	0.00768175
69470000	16.0718	1.52098	88.199	101.665	0.503719	1.26397	0.223709	0.264928	-2267.2	0.00768319
69548000	17.8558	1.66371	103.514	90.8848	0.516475	1.19006	0.238684	0.342665	-2267.4	0.00768318
69560000	15.7104	1.24788	79.8405	101.168	0.520712	1.14245	0.198435	0.259435	-2267.4	0.00768315
69723000	15.6356	1.43413	96.7234	82.58	0.470842	1.16733	0.260144	0.326065	-2267.2	0.00768363
69766000	16.7867	1.78735	97.4793	90.774	0.512918	1.10054	0.20187	0.312638	-2268.1	0.00768172
70047000	15.298	1.24471	74.8484	103.246	0.492528	1.02351	0.186663	0.260773	-2267.4	0.00768278
70080000	16.4257	1.65575	94.6926	93.8408	0.461359	1.20859	0.258194	0.273204	-2267.4	0.00768179
70418000	15.6796	1.43093	89.3686	93.3568	0.450365	1.18889	0.209057	0.274563	-2267.2	0.0076824
70443000	16.4253	1.506	87.8005	96.688	0.448134	1.20207	0.194733	0.294384	-2266.8	0.00768262
70574000	15.3769	1.48933	95.6604	100.062	0.455251	1.26986	0.220875	0.314906	-2266.8	0.00768204
70604000	14.9667	1.29734	102.426	81.6791	0.47879	1.245	0.227916	0.299827	-2266.5	0.00768202
70791000	15.0686	1.44391	85.0707	103.485	0.515743	1.11547	0.215494	0.25984	-2268.3	0.00768213
70892000	15.8474	1.25215	74.6802	101.813	0.519732	1.23471	0.213206	0.284424	-2267.4	0.00768262
70971000	15.1119	1.30953	75.8483	111.517	0.488984	1.09429	0.199034	0.279129	-2267.3	0.00768352
71077000	16.081	1.41471	93.6148	99.0053	0.457241	1.23688	0.232918	0.347137	-2267	0.00768317
71292000	16.3889	1.5659	92.4684	98.3938	0.487515	1.11043	0.240595	0.322626	-2266.7	0.00768353
71359000	16.3668	1.63145	110.032	91.2843	0.550181	1.16815	0.235181	0.28967	-2266.9	0.00768374
71563000	15.8002	1.55338	96.5016	83.6656	0.458753	1.07173	0.26256	0.270793	-2267.4	0.00768598
71756000	15.4402	1.50938	90.9876	96.6752	0.535669	1.03305	0.210229	0.252064	-2266.6	0.0076845
71813000	14.9674	1.32333	92.8302	86.6843	0.497473	1.22722	0.259792	0.29681	-2266.4	0.00768502
71886000	16.5089	1.34347	102.616	90.0484	0.479668	1.17786	0.26087	0.313318	-2269.3	0.00768482
72057000	17.9659	1.71296	113.643	94.9451	0.525198	1.06698	0.244554	0.309138	-2267.2	0.0076814
72104000	15.5823	1.57034	87.0894	99.3391	0.458552	1.07316	0.267137	0.288409	-2267.1	0.00768086
72204000	17.7531	1.73082	99.9361	98.3959	0.526622	1.03278	0.241958	0.324591	-2266.9	0.00768089
72253000	16.2936	1.54134	97.7852	87.5685	0.469269	1.09286	0.227055	0.311391	-2270.1	0.00768109
72319000	15.1613	1.18619	80.442	107.421	0.451731	1.21919	0.198083	0.263806	-2267.1	0.00768154
72464000	15.4226	1.25216	82.6954	109.469	0.498922	1.19551	0.191673	0.259871	-2267.7	0.00768111
72500000	17.7865	1.60748	93.7031	94.3511	0.507076	1.15984	0.1947	0.322145	-2267.8	0.00768019
72528000	15.7079	1.48763	91.7411	93.2669	0.44292	1.24712	0.206124	0.293998	-2267.3	0.00767925
72543000	15.0837	1.47904	93.1729	93.5395	0.483744	1.23347	0.255581	0.295483	-2267.8	0.00767954
72570000	15.7165	1.55721	100.231	83.7408	0.449697	1.13375	0.246669	0.27562	-2268.7	0.00767936
72647000	15.5509	1.4847	93.7543	101.243	0.467284	1.22075	0.191937	0.291575	-2267.4	0.00768025
72812000	14.9446	1.25615	90.6221	92.8982	0.457539	1.17681	0.227614	0.293667	-2267.9	0.00767873
72909000	16.5585	1.45533	92.0719	89.7354	0.468299	1.29251	0.200275	0.338182	-2267.1	0.00767885
73401000	16.4217	1.26815	75.0748	101.12	0.505921	1.19726	0.209899	0.294656	-2267.4	0.00767804
73637000	16.4475	1.36006	87.6399	99.2887	0.441777	1.21968	0.218722	0.298571	-2267.3	0.00767686
73661000	15.889	1.73937	98.5697	107.204	0.502958	1.04606	0.237098	0.31323	-2267.8	0.00767709
73819000	14.3696	1.26663	76.9989	114.642	0.467826	1.04477	0.257522	0.200358	-2267.5	0.00767847
73962000	16.2957	1.55825	91.0175	98.5902	0.499392	1.02635	0.255975	0.297646	-2266.6	0.00767755
74082000	15.3519	1.48174	92.908	98.8612	0.456577	1.17498	0.264825	0.276717	-2267.1	0.00767662
74102000	13.8769	1.33463	97.7206	94.836	0.486891	1.11726	0.237925	0.264475	-2271.1	0.00767731
74151000	14.3464	1.40547	107.092	91.4669	0.486752	1.13446	0.251661	0.206559	-2268.4	0.00767716
74231000	16.4445	1.42204	93.0151	100.355	0.557706	1.22067	0.195636	0.344105	-2268	0.00767782
74306000	14.5511	1.34227	97.1496	90.5849	0.499476	1.16398	0.242983	0.281988	-2268.1	0.00767797
74780000	17.6752	1.93295	95.1796	95.26	0.511002	1.17464	0.237235	0.314536	-2268.4	0.00767606
74878000	16.4344	1.38479	87.2796	108.879	0.467314	1.22963	0.201811	0.302248	-2267.6	0.00767545
74995000	15.8564	1.25556	73.5327	104.38	0.446333	1.05747	0.21047	0.294836	-2267.4	0.00767655
75001000	16.1379	1.49249	89.0464	95.529	0.555062	1.16548	0.22169	0.281333	-2267.2	0.00767648
75091000	15.7384	1.44602	96.9375	101.622	0.447634	1.07359	0.235967	0.258824	-2267.6	0.00767654
75096000	15.5812	1.42929	88.4011	88.6829	0.482006	1.08313	0.192821	0.263545	-2267.4	0.00767664
75320000	17.1075	1.68601	108.361	90.0777	0.465974	1.1856	0.264644	0.282726	-2266.6	0.00767693
75380000	15.4717	1.44862	96.4391	98.3981	0.471493	1.21716	0.261078	0.296528	-2266.7	0.00767649
75491000	15.7778	1.50988	95.8639	102.075	0.491664	1.17412	0.267843	0.25111	-2267.1	0.0076764
75551000	15.4444	1.53271	93.8921	83.7998	0.445301	1.05589	0.244199	0.26508	-2267.4	0.0076765
76222000	15.8546	1.44014	88.7964	107.947	0.476712	1.0675	0.231351	0.288153	-2267.5	0.00767769
76303000	18.209	1.77419	97.9136	101.498	0.538895	1.2205	0.242122	0.318858	-2266.9	0.00767722
76392000	16.5818	1.68203	95.4138	83.2536	0.501801	1.15292	0.193617	0.318054	-2268.3	0.00767795
76396000	14.7711	1.55877	86.0714	95.7647	0.550946	1.0531	0.253117	0.277891	-2267.6	0.00767795
76540000	15.9691	1.4056	99.7847	94.0796	0.445777	1.18187	0.226251	0.343418	-2267.6	0.0076783
76622000	15.9584	1.16513	80.8216	102.943	0.544743	1.22609	0.185908	0.260123	-2266.9	0.00767849
76697000	15.1947	1.35111	95.0449	98.8772	0.464411	1.01793	0.214211	0.257868	-2268.5	0.00767746
76736000	14.9855	1.54688	88.648	101.221	0.446162	1.05607	0.24088	0.293671	-2267.5	0.00767805
76747000	14.8093	1.42377	89.1424	91.7858	0.542872	1.05994	0.258338	0.239901	-2270.6	0.00767861
76783000	14.2668	1.11272	85.7686	93.9254	0.479905	1.05374	0.221835	0.222602	-2269.5	0.00767884
77025000	15.1352	1.50627	102.065	89.2898	0.478459	1.24777	0.239089	0.275814	-2267.6	0.00767952
77053000	15.317	1.36668	106.187	92.0835	0.497523	1.20635	0.22604	0.287644	-2267	0.00767996
77272000	13.8806	1.29299	90.6486	84.5254	0.461282	1.06556	0.221297	0.253105	-2269.2	0.00767924
77505000	16.8088	1.58968	97.9357	99.8442	0.48161	1.11564	0.198209	0.346175	-2269	0.00768095
77814000	15.4233	1.31366	98.2344	92.7337	0.453234	1.21269	0.187309	0.313061	-2266.8	0.00768074
77829000	16.2451	1.53671	96.7072	95.0236	0.54166	1.13737	0.242136	0.348249	-2270.2	0.00768067
77975000	16.386	1.60751	105.444	87.4516	0.459286	1.06022	0.228253	0.266666	-2267.8	0.00767999
78008000	15.9591	1.6648	100.027	93.7041	0.505766	1.16443	0.250191	0.275874	-2268.1	0.00767992
78009000	16.0701	1.50935	101.683	92.9045	0.444019	1.2017	0.211077	0.278584	-2267.7	0.00767993
78261000	14.7406	1.36919	76.7115	102.062	0.493666	1.0484	0.207995	0.276878	-2268.9	0.00768137
78427000	15.8643	1.62703	96.2669	98.9056	0.469258	1.09214	0.247069	0.272438	-2267.8	0.00768123
78524000	16.5839	1.39927	91.4986	91.1072	0.45718	1.26961	0.214272	0.260504	-2266.8	0.00768133
78624000	15.6056	1.3568	77.9927	108.722	0.444243	1.11303	0.211986	0.296247	-2268.3	0.00768108
78684000	14.8913	1.48542	101.905	85.2421	0.475287	1.23999	0.252797	0.252373	-2268	0.0076815
78954000	17.7629	1.70898	114.743	92.2805	0.503407	1.1405	0.244743	0.327992	-2267.2	0.00768217
79005000	15.7808	1.28838	78.5844	103.108	0.460941	1.18409	0.193551	0.260457	-2267	0.00768143
79233000	15.7252	1.44689	92.3394	90.6937	0.494421	1.2351	0.209156	0.299177	-2267.2	0.00768228
79616000	14.599	1.12427	80.5287	107.608	0.474901	1.09673	0.184195	0.248993	-2267.6	0.00768266
79669000	15.0703	1.2523	90.2087	90.2258	0.457016	1.02847	0.193467	0.288407	-2268	0.00768318
79765000	16.7869	1.54672	89.9463	97.7568	0.460106	1.00082	0.189967	0.306827	-2267.4	0.00768402
79816000	15.7153	1.43056	95.3111	82.8362	0.493095	1.15195	0.248945	0.274183	-2267.5	0.00768406
79954000	16.0098	1.46515	100.757	93.9555	0.442934	1.26617	0.209157	0.296948	-2267.7	0.00768371
80090000	16.0607	1.32668	84.6172	103.474	0.481009	1.24411	0.201376	0.297303	-2266.6	0.00768449
80140000	14.9364	1.22486	73.9058	108.717	0.497717	1.28299	0.201294	0.273064	-2267.5	0.007685
80189000	14.5055	1.27095	79.2599	103.288	0.441669	1.04359	0.202426	0.260861	-2267.4	0.0076858
80246000	15.6459	1.21995	88.8592	88.8352	0.486587	1.20253	0.188472	0.285927	-2267.3	0.00768592
80248000	16.1019	1.53957	89.9757	99.8719	0.5046	1.00554	0.23518	0.272665	-2268.6	0.0076859
80839000	16.4365	1.22825	90.9041	96.9395	0.443703	1.13397	0.217463	0.330629	-2267.8	0.00768159
80948000	16.5923	1.5688	86.137	99.041	0.506075	1.00573	0.260507	0.294469	-2268.6	0.00768224
80990000	15.1983	1.12867	77.9887	106.069	0.454114	1.01557	0.194617	0.254473	-2267.2	0.00768233
81253000	15.9894	1.58383	91.1204	95.8105	0.543261	1.06284	0.228174	0.310178	-2268.5	0.00768063
81308000	15.1326	1.24081	107.963	80.9652	0.450432	1.17117	0.218101	0.277188	-2268.8	0.00768078
81443000	14.2548	1.56699	103.505	88.8347	0.509212	1.0096	0.241265	0.222922	-2268.5	0.00768082
81611000	14.8824	1.16684	75.1883	99.6244	0.467475	1.29384	0.219373	0.276301	-2267.4	0.00768232
81680000	14.5951	1.57495	91.7658	96.2067	0.518187	1.09141	0.244575	0.288762	-2267.6	0.00768225
81688000	16.6478	1.67934	107.108	86.5531	0.539193	1.26494	0.263175	0.283074	-2266.9	0.00768199
81701000	16.517	1.28983	74.1009	100.229	0.530137	1.28014	0.200272	0.298589	-2267.4	0.00768222
81746000	16.8802	1.46065	102.821	88.8405	0.445439	1.29553	0.254063	0.330086	-2266.9	0.00768265
81766000	15.2883	1.54207	98.0812	81.314	0.447091	1.06892	0.266889	0.261318	-2267.4	0.00768278
81811000	15.7111	1.24116	92.0887	91.4699	0.488977	1.22173	0.194535	0.257198	-2267.5	0.00768347
82298000	15.2581	1.21489	90.1448	95.2365	0.499407	1.19379	0.204351	0.2691	-2268.5	0.0076813
82405000	15.5171	1.48687	93.0925	97.5874	0.518254	1.03921	0.242706	0.296829	-2267	0.00768162
82420000	15.6436	1.34014	81.9017	107.763	0.4822	1.29256	0.224527	0.288956	-2268.7	0.00768159
82786000	15.0515	1.38022	98.8417	94.2522	0.455522	1.22231	0.255069	0.297368	-2267.9	0.00768011
82918000	17.4054	1.70913	93.9221	92.1216	0.455832	1.27788	0.220312	0.321657	-2268.9	0.00767962
83087000	14.7621	1.27243	95.7216	87.9638	0.466546	1.15785	0.230772	0.268625	-2267.7	0.00767872
83436000	15.8817	1.53498	89.9516	100.636	0.454014	1.18795	0.256737	0.311483	-2266.6	0.00767983
83508000	17.3068	1.62791	98.9181	99.9603	0.527368	1.18527	0.259787	0.330493	-2268.2	0.00767986
83522000	16.0131	1.42181	103.294	87.7276	0.47873	1.23327	0.207721	0.300937	-2266.5	0.00768035
83610000	16.1526	1.62415	101.613	91.1153	0.472164	1.22895	0.250223	0.295636	-2267.7	0.00768077
83634000	15.3045	1.25057	77.0175	104.787	0.497808	1.23978	0.189303	0.298792	-2267	0.00768106
83775000	15.4569	1.44546	87.2283	94.5262	0.454285	1.2083	0.209024	0.324679	-2266.6	0.00768063
84015000	16.2332	1.26464	84.2384	105.169	0.519719	1.17011	0.217667	0.261245	-2267.2	0.00768301
84038000	15.7953	1.19196	79.361	101.942	0.515536	1.03877	0.197869	0.251331	-2267.6	0.00768299
84078000	16.501	1.59715	98.5097	94.3777	0.481962	1.06993	0.190874	0.325923	-2267.3	0.00768346
84209000	15.1158	1.26942	76.7848	105.832	0.474969	1.11563	0.212043	0.26409	-2267.4	0.00768465
84746000	15.8746	1.18696	75.6126	107.422	0.474258	1.17501	0.222221	0.289961	-2267.4	0.00768758
85143000	15.051	1.46236	92.8487	91.6969	0.499987	1.23129	0.234823	0.299766	-2267.8	0.00768823
85247000	14.7648	1.34169	78.5518	106.271	0.479894	1.12908	0.201837	0.250136	-2267.1	0.00768921
85622000	18.1817	1.76223	101.312	82.4469	0.516494	1.24219	0.195726	0.338007	-2269.9	0.00768745
85682000	15.6714	1.58904	87.2514	100.173	0.499488	1.07883	0.202347	0.256729	-2266.6	0.00768754
85735000	14.9112	1.35734	96.0716	86.1319	0.451022	1.21352	0.267972	0.296873	-2266.4	0.00768677
85813000	14.6496	1.316	78.0898	104.591	0.489219	1.14294	0.206071	0.258331	-2267.1	0.00768727
85888000	16.4741	1.49471	89.8003	100.963	0.559667	1.16567	0.223956	0.279829	-2267.2	0.00768777
86157000	14.8312	1.49703	100.296	83.5634	0.444388	1.08555	0.2612	0.289714	-2266.6	0.00768892
86523000	15.8053	1.40106	95.5941	84.5699	0.489205	1.19702	0.230638	0.288169	-2267.5	0.0076883
86554000	15.6105	1.43146	93.3699	90.0747	0.46886	1.21367	0.198961	0.34295	-2267	0.00768836
86559000	15.7646	1.49086	97.6108	98.8344	0.447463	1.18489	0.197268	0.33783	-2266.8	0.0076885
86598000	13.3907	1.33269	87.6592	94.2426	0.497613	1.05354	0.22951	0.289308	-2271.3	0.00768821
86622000	14.8739	1.57006	90.6508	100.559	0.444314	1.08614	0.249159	0.2974	-2267.5	0.00768817
86735000	14.9216	1.40252	99.4479	84.3301	0.490843	1.20441	0.219173	0.276851	-2268.4	0.0076871
86764000	16.1671	1.40581	96.2204	97.0226	0.473606	1.05365	0.214213	0.307186	-2267.3	0.00768746
86768000	15.7091	1.44344	100.569	100.487	0.484048	1.11749	0.228083	0.259986	-2267.7	0.00768757
86769000	16.4242	1.50397	97.3655	97.4023	0.494431	1.20867	0.197462	0.284149	-2266.8	0.00768756
86822000	16.0742	1.63176	95.9352	89.4742	0.492201	1.23962	0.242019	0.285696	-2267.4	0.00768606
86946000	16.1508	1.30249	81.4389	109.473	0.486316	1.25972	0.225933	0.269579	-2267.1	0.00768644
86962000	15.2756	1.22074	92.9402	108.935	0.471874	1.05206	0.222473	0.289827	-2269.2	0.00768648
86963000	16.6632	1.48855	99.3921	86.1344	0.553796	1.24843	0.215269	0.304277	-2267.4	0.00768649
87012000	15.1284	1.27293	82.3648	97.0792	0.472784	1.00451	0.210211	0.229595	-2267.5	0.00768686
87081000	15.9519	1.56462	96.6319	90.2448	0.474775	1.06486	0.227968	0.321069	-2270.1	0.00768776
87168000	15.9367	1.63936	95.3607	81.1223	0.50243	1.27018	0.23295	0.345334	-2268.5	0.00768722
87253000	16.555	1.31145	86.0998	99.0604	0.490464	1.15073	0.220384	0.281663	-2267.3	0.00768771
87304000	16.6168	1.54764	94.8167	91.8334	0.490709	1.2045	0.243727	0.331483	-2266.7	0.00768834
87395000	16.1992	1.61893	94.2377	88.0504	0.491783	1.20281	0.257251	0.282268	-2267.4	0.00768828
87493000	16.4421	1.21365	89.8147	96.1054	0.468354	1.08866	0.209921	0.319889	-2267.8	0.00768755
87626000	16.2484	1.21487	83.5274	103.143	0.495053	1.28123	0.200396	0.279127	-2266.7	0.00768919
88081000	15.3406	1.58142	98.1086	97.6635	0.462577	1.16603	0.213149	0.329577	-2266.7	0.00769199
88163000	14.6656	1.31249	98.9549	91.4196	0.450541	1.1935	0.228423	0.268253	-2268.1	0.00769242
88232000	15.9491	1.31637	85.9371	105.322	0.540182	1.18891	0.207792	0.275209	-2267.4	0.00769278
88339000	17.3643	1.68987	92.6887	88.7514	0.547822	1.16603	0.233561	0.320803	-2267	0.00769168
88381000	15.9305	1.39546	104.309	89.3723	0.460187	1.21434	0.19524	0.332697	-2266.5	0.00769213
88514000	15.927	1.38882	91.7807	105.236	0.469216	1.26217	0.186461	0.302574	-2267.6	0.0076907
88559000	16.3919	1.59838	94.9309	89.2975	0.504074	1.20143	0.259754	0.278058	-2267.1	0.00769049
88605000	15.7412	1.51783	89.4243	94.7847	0.481087	1.09856	0.215467	0.286386	-2268.1	0.00769045
88765000	16.3969	1.50702	103.777	85.4823	0.457569	1.18933	0.197333	0.272316	-2266.9	0.00769104
88875000	14.8234	1.47032	93.1878	96.3528	0.454165	1.12832	0.211142	0.289793	-2268.4	0.00769066
89089000	15.898	1.39046	86.7624	105.217	0.443477	1.1138	0.219326	0.255081	-2267.9	0.00768977
89246000	16.2845	1.25315	74.935	109.281	0.469055	1.24732	0.209251	0.252603	-2267.4	0.00769096
89435000	16.4807	1.59552	96.5038	101.39	0.533611	1.01198	0.185383	0.253802	-2267	0.00769169
89513000	15.9418	1.50868	104.401	97.3142	0.494878	1.18167	0.195053	0.274108	-2266.8	0.00769228
89603000	15.5681	1.53645	90.6201	97.6592	0.475872	1.13791	0.225847	0.295031	-2266.6	0.00769254
89675000	14.5044	1.43137	93.6352	91.5147	0.488803	1.23041	0.265194	0.268996	-2267.9	0.00769324
89713000	11.5519	1.08996	78.1773	99.0322	0.461159	1.10306	0.190392	0.20837	-2269.2	0.00769327
89941000	15.5552	1.43817	88.2267	104.703	0.481639	1.05041	0.267085	0.29095	-2267.5	0.00769299
90709000	15.471	1.27698	78.938	106.416	0.549061	1.17136	0.224367	0.267778	-2266.9	0.00769443
90711000	14.6778	1.51371	98.0799	100.45	0.456232	1.09715	0.222179	0.272324	-2268.4	0.00769445
91493000	15.5852	1.55686	93.773	93.8285	0.457868	1.1646	0.259365	0.334312	-2267.7	0.00769471
91668000	16.2001	1.50915	92.3942	101.358	0.46913	1.11949	0.200936	0.315742	-2266.9	0.00769371
91709000	15.5998	1.62436	94.864	93.0165	0.535096	1.0244	0.244602	0.28479	-2269.7	0.00769354
92026000	15.7198	1.55952	93.86	93.0444	0.49783	1.19742	0.196146	0.251809	-2267.3	0.00769421
92029000	15.891	1.4532	97.0348	92.8691	0.492743	1.10276	0.220692	0.253446	-2267.9	0.00769437
92068000	15.4059	1.63959	95.3773	97.0877	0.440039	1.13144	0.229597	0.267034	-2267.8	0.00769458
92087000	16.5719	1.53991	96.0949	91.5046	0.497722	1.10101	0.198266	0.302029	-2267.3	0.00769484
92130000	16.5791	1.39025	87.9611	104.761	0.496335	1.28866	0.188749	0.339674	-2267.6	0.00769507
92188000	16.4065	1.35883	86.0287	97.3364	0.461997	1.17892	0.204784	0.28431	-2267.3	0.00769556
92190000	15.7361	1.3349	79.252	107.075	0.529099	1.06372	0.221909	0.292119	-2266.7	0.00769559
92487000	15.3606	1.3914	92.2717	90.46	0.460082	1.20407	0.194038	0.318589	-2266.6	0.00769605
92673000	16.3066	1.21254	91.5283	96.2155	0.449341	1.22462	0.221239	0.280307	-2268.2	0.0076954
92735000	15.621	1.58967	88.2487	91.0923	0.473145	1.27424	0.236157	0.280288	-2267.2	0.00769617
92746000	15.7541	1.57565	95.2802	97.6837	0.47194	1.22171	0.228889	0.287798	-2268	0.00769633
92774000	15.9635	1.47155	95.9602	100.587	0.497499	1.24803	0.20796	0.254506	-2266.8	0.00769645
92838000	15.2644	1.47197	90.1482	90.3057	0.498662	1.13198	0.19794	0.26967	-2268.1	0.00769668
92841000	13.4073	1.37003	86.3447	92.5958	0.440297	1.13332	0.208527	0.233582	-2268.4	0.00769671
92871000	16.442	1.61379	95.2409	97.0755	0.474419	1.08479	0.200134	0.312863	-2270.1	0.00769647
93049000	15.879	1.62976	96.3408	93.2948	0.548867	1.0712	0.248761	0.251276	-2269.7	0.00769774
93069000	15.3949	1.33849	87.9558	96.9918	0.460901	1.24075	0.18774	0.33009	-2267.2	0.00769778
93168000	15.5698	1.17238	78.8943	98.5959	0.477186	1.24558	0.217101	0.268732	-2267.8	0.00769823
93177000	16.043	1.53057	89.4701	96.8625	0.468455	1.14525	0.240783	0.32435	-2266.7	0.00769831
93241000	16.5154	1.61738	106.955	91.3242	0.556153	1.20529	0.252197	0.286427	-2266.9	0.00769834
93673000	15.5539	1.58438	91.799	99.008	0.485039	1.04353	0.229809	0.292586	-2267.1	0.00769971
93785000	15.1205	1.24515	84.3306	90.294	0.499438	1.10038	0.25654	0.278509	-2270.9	0.00769885
93794000	16.2114	1.3267	91.9067	100.814	0.468996	1.09131	0.207964	0.254213	-2267.1	0.00769878
94125000	15.5443	1.57257	90.43	100.762	0.491802	1.03603	0.245431	0.271664	-2267.1	0.00769944
94126000	16.4618	1.65886	93.405	106.382	0.526852	1.03466	0.265728	0.28137	-2266.9	0.00769945
94216000	15.8129	1.45829	100.55	95.6468	0.490805	1.1543	0.234954	0.253131	-2267.3	0.00769913
94221000	16.3757	1.31816	90.8164	96.3888	0.488376	1.16147	0.20308	0.283024	-2267.3	0.0076991
94328000	16.9777	1.55292	95.4938	88.9106	0.484744	1.27669	0.237213	0.323052	-2266.7	0.00769957
94366000	15.7478	1.11868	78.8561	104.047	0.49305	1.23872	0.184559	0.26197	-2267	0.00770031
94480000	15.2583	1.25607	83.5612	105.688	0.505229	1.19171	0.202841	0.277043	-2267.3	0.00770004
94496000	16.2003	1.25518	82.2025	109.835	0.443054	1.19647	0.187981	0.274116	-2267.1	0.00769997
94505000	15.4301	1.26925	81.2924	105.267	0.504609	1.19439	0.198799	0.261302	-2267.3	0.00770023
94906000	15.0834	1.33778	102.393	75.8623	0.470125	1.2122	0.249425	0.261517	-2271.1	0.00770055
95293000	17.6822	1.63006	99.1486	96.0529	0.547077	1.14868	0.258071	0.303577	-2267.5	0.00769904
95301000	16.2827	1.53049	94.8813	92.185	0.509797	1.26147	0.265706	0.278817	-2267	0.00769896
95312000	15.6736	1.55379	90.882	108.704	0.493839	1.10029	0.219568	0.27175	-2270	0.00769903
95512000	14.1932	1.48642	99.2148	101.393	0.549079	1.12924	0.254571	0.27149	-2274.1	0.00769754
95879000	15.6451	1.55882	108.366	91.4864	0.466057	1.17825	0.24275	0.253347	-2266.3	0.00769639
96004000	15.5072	1.54623	93.4439	97.8471	0.550962	1.1381	0.21197	0.284832	-2268.7	0.00769637
96074000	15.0522	1.38133	97.6184	90.2499	0.486857	1.27167	0.236127	0.298251	-2267.9	0.00769614
96501000	14.8876	1.27749	75.1706	107.779	0.466155	1.25444	0.221647	0.298649	-2267.1	0.00769789
96680000	16.7207	1.67916	106.302	84.3206	0.512281	1.21392	0.233242	0.25822	-2266.9	0.00769787
96910000	16.4412	1.47639	89.9863	101.048	0.480995	1.1754	0.190815	0.280554	-2266.8	0.00769748
96981000	16.7946	1.65833	102.537	87.4364	0.527599	1.0241	0.254174	0.309788	-2268.1	0.00769729
97028000	15.4441	1.2719	80.5898	107.08	0.512494	1.06723	0.20286	0.268691	-2267.1	0.0076978
97102000	16.7507	1.56618	101.14	90.0647	0.454715	1.16101	0.185195	0.27448	-2266.7	0.00769665
97115000	16.4719	1.6644	90.9254	91.6863	0.468661	1.17789	0.196981	0.299412	-2268.4	0.00769665
97177000	15.9932	1.35025	88.0791	95.8481	0.461245	1.10914	0.208471	0.287139	-2267.1	0.00769636
97291000	15.528	1.30964	73.0083	105.555	0.53565	1.03864	0.18639	0.283316	-2266.7	0.00769641
97357000	16.3856	1.32302	74.601	102.977	0.544165	1.21178	0.197321	0.264325	-2266.9	0.00769622
97680000	16.2426	1.48487	95.086	100.671	0.494302	1.13487	0.254129	0.286072	-2268.5	0.00769543
97909000	16.1189	1.52775	93.123	99.6938	0.50837	1.13712	0.185638	0.272382	-2267	0.00769504
98015000	16.1423	1.31063	93.3856	90.4646	0.491835	1.24213	0.197198	0.335624	-2266.9	0.00769553
98072000	15.745	1.23842	81.5216	101.828	0.522863	1.14757	0.213575	0.292478	-2267.4	0.00769546
98223000	15.502	1.28716	85.7604	104.529	0.477365	1.22537	0.21125	0.290055	-2267.7	0.0076946
98289000	16.1166	1.50856	92.6289	100.516	0.455681	1.22005	0.211841	0.300446	-2266.9	0.00769505
98336000	16.4509	1.52973	89.2345	92.4972	0.486201	1.15453	0.222111	0.341527	-2266.7	0.00769487
98438000	16.4535	1.46298	104.858	93.332	0.484493	1.27182	0.224498	0.254755	-2267.7	0.00769456
98465000	16.0081	1.24218	77.6445	103.352	0.467346	1.25848	0.22381	0.282336	-2267.4	0.00769446
98623000	14.5799	1.16465	78.8201	103.245	0.488019	1.12368	0.185838	0.230921	-2267.6	0.0076954
98805000	15.8359	1.5123	97.0651	99.2092	0.464909	1.266	0.245476	0.276067	-2267.1	0.00769348
98809000	16.1669	1.65745	95.332	90.6056	0.465862	1.06548	0.250069	0.259617	-2267.6	0.00769348
98839000	15.4357	1.49919	97.8893	101.087	0.440027	1.23104	0.19095	0.333025	-2266.8	0.00769321
98886000	15.7465	1.45171	106.107	78.7026	0.49347	1.16283	0.227852	0.286955	-2267.4	0.00769353
98960000	16.1942	1.3694	100.216	98.2171	0.492979	1.15742	0.219151	0.274727	-2270	0.00769313
99206000	15.4258	1.50947	96.1177	101.115	0.507032	1.07041	0.228896	0.263229	-2267	0.00769479
99454000	15.9527	1.51119	92.2413	100.814	0.45008	1.19033	0.2055	0.286598	-2266.8	0.00769512
99501000	16.2161	1.49185	89.1949	91.9092	0.449216	1.24272	0.194412	0.327606	-2267.1	0.00769561
99525000	15.6022	1.58938	89.7595	96.8716	0.469394	1.10882	0.265301	0.291582	-2267.1	0.0076959
99569000	17.6745	1.69226	98.5204	92.6248	0.52707	1.241	0.259369	0.329108	-2267	0.00769605
99603000	15.3271	1.40623	86.2216	103.741	0.482317	1.04127	0.199194	0.264973	-2267.9	0.00769495
