5183
5346
5166
4985
3297
4036
4211
3452
2957
3459
5354
4649
4339
3402
5068
5409
3801
4135
4151
2071
2869
2985
5243
3946
4848
2943
4909
4878
5073
4511
4412
3523
3501
4096
4251
3265
3469
4467
4061
2788
2696
2140
2191
4661
4629
5136
4664
3661
3594
5089
4285
5321
4493
5102
4875
5173
4085
5443
2056
2695
5430
2807
4889
3492
5431
3994
5003
3170
4365
4374
3734
4494
3920
4716
3422
2952
4738
5014
3093
2558
3709
3857
3792
4384
3543
4457
3292
2864
4010
2297
2133
5105
4310
4946
3017
4121
4900
5332
5438
3318
3263
4464
4395
2373
5022
4203
3020
2506
2412
4788
3408
3592
2781
3912
4368
3909
3645
4598
4239
4713
5220
4444
2694
5226
3446
3057
4245
4645
4148
3925
4647
4050
3383
5419
3967
5085
2685
2713
2719
3860
3432
1802
2415
3195
2770
5058
3498
2323
4886
2826
3690
4183
4980
3465
3254
3306
4132
3576
3395
2783
4568
3781
4753
3445
4750
4660
3877
2573
2570
5050
2600
2568
2724
5248
2139
4963
2741
3524
3969
5065
3328
1828
4030
4507
2178
3635
3537
2699
2801
4129
2764
5502
4998
4331
2196
2259
3830
5121
3993
2899
5196
2895
2757
4123
3903
5093
3082
3175
3352
2595
4547
3999
2644
4393
4389
2793
4991
3627
4655
4351
5215
3542
3500
4179
4821
4773
5034
5153
4967
4490
3240
4725
3270
3148
3682
3952
4382
4177
3250
4614
2059
4337
4690
4477
4521
2215
5035
2365
4903
2722
3786
4555
2787
5442
3961
3559
2535
1891
4539
4304
4304
5184
2203
1978
5463
5263
4846
3207
4862
5291
3095
4765
4739
2611
3649
5132
2717
3582
2010
3525
3026
4266
3233
3574
3746
5027
3939
3485
3538
3623
3150
5445
3650
4726
4011
3566
3949
3739
2385
2450
2452
4793
2566
4098
4110
4775
3003
3294
3168
3550
2868
2004
3819
5371
3029
5019
2122
4615
4729
4343
5464
5464
2096
2374
4947
4244
2697
5061
4617
4815
2216
2775
4911
3692
1939
3604
2199
2738
3885
4824
2849
1973
2914
3888
2148
4837
4906
3802
3024
3807
2368
3900
4297
2683
2632
4136
4687
2070
5449
4720
4295
3562
3753
3173
2052
2369
2248
2642
5092
3231
3740
4760
5303
5025
2434
2459
4796
4902
1781
4766
4162
3724
3624
4092
3828
4164
3791
2744
2806
1953
3217
1935
2617
1768
2351
2922
1414
1819
4492
2182
4899
5208
5110
4782
5204
3474
1832
3319
4548
1620
1893
3612
3008
4059
3007
4133
4975
2992
5481
3064
4671
4112
4065
4029
4376
3736
4403
2293
2881
3701
3033
2312
2317
4014
5108
4152
3864
5275
3456
2815
3602
5224
3443
3111
3916
4550
4537
1929
4623
4936
1703
1735
1621
3280
3788
4007
3784
4644
3853
2706
4109
3285
3960
3932
1346
4594
3302
3267
2308
5134
4474
2110
3634
3229
3651
3486
3588
5279
2294
4791
4987
2118
4281
3247
4440
5203
2988
4008
2779
3210
3476
4897
4845
5426
3113
5412
5251
3806
5169
4706
3880
4776
4270
3184
2923
3517
4332
4543
2913
4681
2620
5391
2668
4884
1535
4163
2690
3056
3324
2982
3867
1824
2646
2761
5167
3970
2256
2353
2663
1862
1862
5470
4542
1360
4564
4391
1695
3137
3104
2465
3084
3548
3633
3617
5491
3482
4189
5070
3522
2851
4178
3284
3597
4379
4333
4106
2546
2825
3211
5179
4580
3460
3421
3199
3087
4470
4470
2166
5141
5051
3374
5435
3948
1870
3892
3354
3904
4557
4508
2046
2075
2085
2115
3856
5448
3015
2579
4686
3049
2796
2955
2778
2804
3918
2858
3914
4045
4006
5197
5466
5120
5064
1588
5011
5305
2655
5222
3657
3338
3814
3924
5133
2217
2653
3968
3937
3908
4751
5149
5234
5234
4972
2422
4907
1233
2310
4226
2733
4639
4019
3296
3107
3758
1138
4451
3192
3703
5290
4425
4854
4413
4483
5164
3754
3722
3346
1273
1236
2860
5111
5350
3668
3757
1906
3514
4422
1793
1837
1727
1727
4176
2404
3990
4206
3209
2120
3126
4340
5360
4237
4197
5266
2701
2200
3189
5289
4789
4646
1912
3658
3671
2476
4922
4402
1981
3289
4575
2776
2087
1609
4131
5493
5440
2011
2002
1840
1840
3972
2327
5308
5376
4783
3141
2329
3793
2170
2170
3094
4359
2549
2805
2734
2736
4758
3433
3943
2346
4602
5098
5492
3368
3776
3502
3103
1859
1968
2657
1724
1602
1603
1337
2602
3529
3450
3036
3036
2490
4973
2782
1737
3434
2298
5135
5212
5258
4533
3349
4240
5231
1440
4103
4940
2268
1335
2862
2671
3641
4024
3719
4966
2902
1685
5074
3581
4951
4363
3764
3954
5253
4817
4957
4957
1583
1583
2399
3438
2285
2883
3429
2446
5066
1663
5274
4075
4127
5365
2260
1652
4220
4259
3531
3884
4094
4386
1834
3541
2477
1838
5462
5255
5505
5205
2867
3611
3283
4429
3169
4353
3839
4709
4083
2391
5090
5091
4905
3304
2613
4113
4274
1456
1690
1668
3800
1552
3178
3043
4898
2927
1444
1465
1220
3694
3901
3237
3947
1878
4031
4031
5389
4182
4102
4799
4334
4089
3321
2953
3643
4049
2190
4892
2015
1608
5362
2491
3957
5117
2937
5201
2031
4669
4489
3004
2430
1330
5334
5152
4662
4666
5038
2171
3109
2428
2214
2214
3876
3876
4786
4388
5328
4613
3417
3417
5039
4315
3584
2989
2502
3821
5270
3185
3322
4665
4877
5385
4497
5503
3226
2437
3013
3935
3062
5368
3964
1761
5301
5357
3273
1305
1222
3585
5238
4535
4535
4685
2414
2401
3620
1421
5341
2536
1228
1228
4423
2111
1501
2432
4038
2350
2524
2319
3341
5501
3288
5237
5165
2487
5185
1144
2562
5148
5329
3025
2273
4327
4653
4953
2234
2049
4640
4184
2818
3699
5229
4302
2094
1787
2960
1396
1396
2443
4317
3512
3512
4035
3899
3982
4150
5112
4282
1284
3258
3258
1569
2275
1795
4142
2224
3196
5318
3277
3473
2791
2897
4735
4882
1587
3114
3061
2608
1553
1185
1185
1166
3868
2363
2363
3687
5292
2740
4047
4843
3444
4826
4473
2618
2773
3811
3255
4141
3953
2183
2629
1990
5460
3825
3851
5124
3561
4872
3384
3081
5277
1597
1597
4229
4912
3931
4362
2700
3078
1204
3242
3320
5294
5374
2594
5340
3751
4081
3205
1318
2993
5313
5310
4556
5261
3281
3102
1694
1928
3155
3625
4841
3478
3752
5373
4832
2919
3167
5397
5407
3595
4241
4048
1062
4468
2510
3615
1150
1090
2942
4018
2360
4165
3462
3662
4856
2638
2884
2542
2372
3605
3376
4397
4926
4926
4263
4446
1774
1322
5210
5048
2274
4790
3675
2280
4194
3085
4154
3766
4124
2819
2253
2827
5076
2233
3790
3186
1770
4752
3276
4945
4200
3913
4534
4058
1857
2225
4554
2163
3089
1561
4938
4785
3855
3329
1786
2891
4378
4235
2413
4855
4797
4888
3399
5042
4860
4600
1374
4158
1324
5007
2348
1890
1911
5280
2746
3785
5157
1623
4536
1095
4265
5286
5295
4974
5029
5029
1777
3065
4105
1808
2239
3710
3343
5207
5429
4589
5020
5020
4834
1666
4748
4377
5405
3915
5300
5300
4650
3011
4445
3097
2272
3878
2276
5043
3381
1226
4053
1617
4810
4670
4381
4080
2790
3239
3518
5107
5221
4082
4944
1131
2962
4460
2240
1994
1543
1382
2066
5380
5260
1780
1918
2220
1748
1574
1821
2921
4925
1351
1351
4811
5284
4433
4437
4523
1947
3398
4186
953
1005
5467
1053
3409
2149
4680
2366
2380
2930
4366
3809
5489
3897
4005
5344
2145
2616
2361
4624
3076
5161
1193
1224
4883
4097
1418
2407
2896
3215
2749
1910
2278
1500
2999
3601
5155
3674
3674
2103
4234
2347
2347
4143
2941
4849
4104
1283
3716
3686
3686
3797
3494
2080
3693
1763
4122
2840
2022
5113
3721
3282
3163
3926
3344
3130
2496
3642
5293
4300
5403
4248
1046
1463
5096
2652
3963
4064
5109
1751
4299
3598
4486
4057
4153
5342
2545
1294
1285
5372
1332
1908
4396
4396
2760
1892
2501
2501
3810
3470
4863
3059
3317
3241
3815
4618
2050
2747
3938
4254
3705
1731
4514
3756
2328
1510
3314
1505
4370
3216
5356
5356
4246
3558
4896
4518
4691
5216
5494
5494
4210
3350
3191
4593
2492
2483
4527
4527
1041
3554
2950
3262
3127
2588
4051
4341
1697
3204
3315
4268
2822
4745
2874
3394
1537
4931
3875
4375
4348
4348
2915
4159
4101
1634
4635
5473
4881
2425
2037
2037
2219
2242
3307
1180
5264
3108
3096
4792
3975
5485
1261
4204
4530
2036
947
846
994
1814
2841
4399
1122
2370
1067
4592
4592
2589
4071
1286
2974
2974
1850
2337
2529
4879
4689
3795
3520
3391
4380
1826
1433
1432
1293
1197
1197
3980
931
1025
3014
2433
1789
1338
1579
1242
1269
1154
1683
2505
2316
5387
5387
5375
4480
4952
1219
1464
1792
1876
5302
4722
1829
1980
2402
2435
1903
4513
1017
4524
4656
2647
1482
2763
4079
2456
1791
1756
1296
4761
4916
3777
5145
2173
3981
2244
4850
1847
1744
4015
4043
1916
1641
1938
2100
883
971
5055
2338
2393
2904
1897
1897
1164
4243
1614
1549
4077
1326
2599
2572
1889
4784
1495
1405
3976
2848
3499
3527
3942
1959
1867
1879
2759
2069
3509
1413
944
3068
3129
2035
5304
4756
1503
1869
997
1055
4207
2704
1400
4728
2553
3886
3780
4915
3545
5359
2961
3144
2211
2453
2601
2193
1114
1102
3256
3887
1350
4369
4369
1128
1199
1509
2965
4091
3045
2984
2918
1038
4001
2582
3882
1794
4471
5023
2277
4917
3731
2859
4041
3987
3917
1974
2382
1660
5299
2324
2324
2155
2155
2160
1188
5315
3413
3497
3403
2552
2320
4037
2979
4037
1941
4084
4958
2198
2198
4959
1427
2598
4054
4820
1141
2394
3044
2709
4138
4292
3342
1635
1628
4842
1146
2934
2703
1679
4695
4610
2824
1684
2739
1720
4935
1168
1907
3435
2314
4431
4607
4465
4478
4579
5281
4545
2758
3848
2371
4032
976
2571
2426
1454
2311
1257
5439
2591
4891
3632
2258
2340
956
1092
2084
4448
3944
4144
5484
4577
4522
2020
2077
5230
4699
2865
2865
2898
2318
2727
1393
1441
4016
4819
5250
1831
4280
1904
1989
2307
1996
2304
3921
5178
3680
3290
1417
4361
1987
2305
1555
2659
4298
3447
4441
1536
1064
872
1492
2707
2707
933
3495
5054
5095
2548
3648
3873
1545
1325
4287
2455
2279
2596
2940
2055
3552
1570
2619
5170
2839
3850
3850
3850
2774
4256
3763
3760
5411
898
848
2698
1032
864
4228
4228
5452
2470
2151
1920
1841
897
3039
3745
3745
4290
2206
1151
5006
1592
4496
4398
3729
1364
2286
4858
3194
5240
4328
1331
3895
1636
1157
1167
3863
3863
3260
2352
1669
5187
5399
3042
3717
3371
4795
4222
3472
1801
4778
4778
1075
1075
4306
1080
1156
4674
1198
4520
5384
5414
1327
1388
2345
4890
5024
5009
5084
2577
1730
1577
4324
2030
4424
4424
5267
4962
3979
3006
4960
1424
5496
3266
2882
3466
1755
5437
5322
3223
3223
902
1372
1800
1875
1422
1422
3190
3264
1183
2063
2488
1205
3672
3866
4990
3075
1985
3673
3534
3689
2424
3083
4258
835
1098
1225
5214
1436
845
5401
1719
4955
1312
4358
4373
5150
4894
4371
2966
2578
3837
1019
1650
4223
3032
2621
2621
2771
2379
3591
3463
2798
3849
1932
5436
3844
3922
4612
4612
2089
4314
1716
5497
3737
3180
2834
1542
1320
1229
967
4638
2255
2597
5015
2526
1745
876
1580
2725
3862
3862
3234
899
5217
4950
5078
824
5394
4385
4787
4219
3799
3345
3257
2557
2987
4253
2711
1930
5168
3253
2448
1315
5453
5012
2687
832
3678
930
2457
2799
2673
3713
3713
2948
5355
952
2565
3560
4233
4060
3629
4904
3820
3046
3105
3105
3991
3991
1302
1963
2845
2641
1688
4675
4560
3812
3483
5106
5106
1812
4420
3121
3829
4108
2820
2820
3392
1139
1749
4283
1551
4920
4269
4461
3749
1933
4567
3369
3369
2887
3128
4313
4313
2027
1256
1147
1757
1762
2554
1807
2362
2073
4979
3382
3458
3074
3070
2800
2964
4217
1639
1476
1453
4976
4994
4312
5016
1065
1984
2270
2045
1901
962
854
877
3040
3626
3905
4009
3984
3984
5087
4028
1468
1171
2605
874
969
5349
1137
1885
2838
1983
1969
1590
977
950
1175
1784
2772
3019
5154
3583
2627
1854
2396
938
779
5241
2421
964
1913
889
889
2469
2419
4278
1178
3578
2243
4076
1723
2076
2184
2423
2908
2479
5198
4086
2861
2468
3567
4175
2768
3359
3827
1662
5272
2551
4498
3414
1661
2679
1733
3783
3261
1530
4271
991
1323
919
4262
1158
4414
4525
3565
3295
4196
2780
4590
4634
2972
2158
3001
2074
4566
4740
4604
2998
2187
923
918
2461
4022
3992
2375
3778
2108
2264
5400
4419
3491
4286
4039
4844
1070
1237
2000
1428
2092
4928
4439
5213
1386
1386
1496
2301
4822
3846
3845
4852
3287
4870
5071
3427
1097
3665
1365
4744
1633
4118
4447
972
2112
2454
2968
2127
3930
5307
5122
3891
3818
1111
961
4779
1274
2852
5103
4808
3028
5063
5063
4668
3072
999
4509
5046
4305
4999
4910
4323
4003
4517
4456
4456
1494
1527
1278
4088
4249
3077
1882
963
1309
1084
1084
2262
4767
1738
5474
3100
2956
2925
4516
2537
4208
2808
1297
796
2177
885
3804
5232
2539
2946
3871
3116
3365
2879
1881
4851
3238
3313
4864
1370
1033
3419
2991
4616
1995
1997
4857
3022
916
767
4969
795
4544
5326
4190
5335
858
949
1670
3679
4934
1105
1052
5339
2129
1962
1045
4874
5423
3506
1455
1149
5174
4908
1835
4742
3940
4988
5097
1251
2325
3770
3971
2181
2023
4409
4407
4561
4561
5336
1627
2512
1471
951
3219
2645
1263
709
1696
4989
4829
4755
4170
4289
4026
3685
1213
1779
1169
3983
3079
3325
2017
1710
1845
3063
4020
1071
3396
1942
2282
2442
1448
3988
2445
2996
2341
2417
2300
3303
3166
4673
5477
1132
3563
5269
5190
3589
5288
1449
2478
1275
1265
5191
5140
3143
2970
1964
2543
4734
2105
5101
2126
5249
1523
2213
2029
4411
3251
4309
1381
2630
3053
4120
2172
2907
4345
3213
4130
1018
1799
5129
4434
3172
3720
2880
5069
3789
915
1395
1437
1104
3475
5128
2486
1644
1439
1439
5455
5330
3978
3060
3051
3441
2331
3762
3272
3035
2718
2560
1861
5348
1575
4308
4311
3271
2309
1664
2186
3787
3767
3054
4056
4770
3400
1191
1371
968
4802
1605
3489
4013
1373
1629
2026
2007
5495
4034
4349
5026
4193
2994
1221
2021
2021
1856
3193
5361
4532
1348
2236
1491
1988
1988
4626
4117
3817
756
4805
2967
2933
880
3593
3088
3348
5413
3461
2137
1349
5276
4586
3996
2678
2507
3027
2228
1170
927
861
1362
1298
3490
1117
4698
5044
5044
1356
3896
3407
5094
4531
4663
714
1701
3995
2381
2995
1490
2109
5225
3613
2752
4232
3442
3822
4571
2847
2661
4605
691
1021
1021
1957
1333
1345
5268
2691
5444
3951
5228
2064
3430
3656
4392
2292
2292
3610
2835
5450
4260
5498
1734
3698
4730
3375
5013
1259
2756
4868
2670
2751
2339
2712
1380
1399
2500
2745
1544
1010
892
1048
3208
1384
1473
1303
2705
2221
3200
3704
3360
4601
5233
2053
1966
1975
4383
2174
3386
4939
3568
4983
1004
1686
1231
5358
5358
2951
3312
3425
3425
3047
3706
4540
3493
2665
2257
1208
4272
1844
1646
4596
2528
2885
4430
1262
1270
4074
4185
687
5181
2367
1051
1051
3638
3397
3852
3364
1998
730
860
4115
3676
1687
1971
4225
1860
4667
1291
973
2654
2877
1855
1642
4000
908
2441
2162
893
4347
1240
1753
2519
3073
1951
2157
2302
2344
940
4126
1352
903
3503
2474
1321
1160
1442
1172
1525
3769
1797
995
2467
2945
1689
5192
5171
4923
954
3012
4583
2857
3227
4771
1693
1361
807
5060
5060
1759
1672
3118
1431
2769
4643
1594
4111
3188
3159
4171
4410
3052
4956
5309
1750
4505
4551
914
5390
3356
5478
3639
1877
4591
1101
2821
4866
4291
4296
4743
4965
4965
3420
4512
1811
1586
4372
5008
1165
1217
4763
3016
1235
4484
696
5143
4042
2831
2831
5239
5488
5428
4632
5433
3279
3156
3609
5471
2130
2990
1717
3086
811
3765
2231
2666
1484
4694
1334
1099
1557
2559
4865
2014
3630
4012
1657
1625
1177
3372
5424
4867
2836
2836
3636
3872
5195
975
1314
3176
4705
3134
1760
2721
3230
1681
2168
1905
4455
2438
1926
4004
2947
3667
1833
3098
2494
2844
4825
4840
4721
1956
3206
5408
4438
4426
4818
4736
1618
1732
966
2920
1200
1616
4502
5160
3335
912
912
5194
1645
4069
3841
2245
2113
5118
2676
790
4873
3066
4231
1039
5421
5189
1353
1244
1353
1562
1562
4732
2513
993
3164
2584
1127
1915
2853
2853
2093
4715
631
4067
1470
1301
1866
2261
801
4569
4885
2411
1949
1991
3835
4322
705
1435
2284
2427
2449
1851
1846
2926
5317
2156
2635
2016
1853
5283
498
2135
4977
3640
4116
4301
4301
1135
988
3603
4933
2585
4160
5036
4191
2067
2306
5088
2400
2523
4273
3707
3707
1290
2737
1566
4970
5353
1201
3436
3479
5469
5199
5245
5254
4482
4759
4581
3536
2785
2098
2593
1247
1369
5398
3124
2615
2499
4040
4134
3505
3945
3945
2034
5032
1281
1820
4733
1584
3358
4997
1438
1600
3874
1040
1040
3488
3275
2447
1445
2429
3775
2748
5363
4630
4390
2202
5456
2167
2013
2013
4276
2843
1507
3071
2624
4538
3803
2931
3347
2604
2604
1130
3269
3269
1758
4192
1390
2222
1109
1022
4205
4700
1513
1568
4250
4198
3299
5314
2252
2246
3487
1863
1163
4869
4335
2508
4161
3755
1042
610
986
576
4798
5432
1805
4173
1970
2175
3278
4352
2179
703
2789
1539
2364
4937
2810
761
554
2814
2814
2715
3387
4631
2062
2574
1796
3440
3570
4642
4679
5465
3418
3453
2569
4063
2472
2060
2900
2472
1927
1706
4436
450
1581
1357
2873
2873
791
2209
5490
859
2330
1533
2681
713
1451
2854
804
1726
1252
1162
2343
2263
2263
4710
1120
3549
3805
4921
910
925
870
5257
3363
5252
2223
4221
4949
1538
5410
3919
3959
2358
3533
2935
3214
3214
3214
2878
1937
996
2742
2742
2742
3099
3099
3160
4677
3468
4405
4757
1712
2128
2688
2971
3457
3457
3457
3730
1656
5483
5056
2527
840
3936
4187
4326
4188
5004
348
619
3771
4218
4202
629
382
921
1944
2254
4727
694
3808
5028
1943
4279
4559
5144
4558
2515
1089
1477
3813
1546
1519
1534
1524
1547
2141
3928
3037
2383
4466
2811
3989
904
3424
850
3551
4584
1336
3725
5296
5420
4303
3336
4408
4408
935
3455
5176
4044
3747
3773
1842
1842
1480
1848
820
4147
2054
1419
2886
1852
2439
830
525
456
1210
992
992
3881
5000
4459
570
1214
2531
3030
3448
805
2378
5139
3700
1558
2058
913
826
3067
2117
4501
3838
3838
547
2104
2649
578
1306
2842
2929
2866
1367
2197
866
866
1282
1153
851
852
852
2983
2803
2626
771
3998
2462
2153
1304
1050
1316
4981
597
485
5188
1775
2675
2057
2912
871
2040
1412
1246
4833
5447
3750
2484
175
2269
4831
823
262
3259
1250
1250
1368
5125
1113
3654
1059
3467
2081
4479
4479
2650
1699
2332
1674
2693
2693
855
4707
2376
3950
3950
792
678
3688
5172
2498
4435
3245
2976
479
223
462
2522
728
481
3539
4172
5345
4576
3660
1176
4672
293
4261
3246
442
2047
3659
3986
1279
1279
4357
252
1604
2674
1887
4499
2766
2082
2212
4572
2561
4814
4157
2326
2444
2544
3340
1511
5367
2152
2403
2516
3293
2516
2516
3203
3197
3197
4941
4800
2287
920
887
741
757
4406
2592
2042
2043
1243
1487
735
589
5104
1129
148
1082
3929
4469
3370
473
2521
2195
496
1216
617
2916
4636
2132
2132
3153
2267
1310
1227
77
1839
881
5236
5425
280
2517
3362
1363
939
1954
1209
5211
844
1295
1858
1766
1874
1474
5457
1329
2169
3135
4588
5396
2684
1044
1691
274
3090
5130
3714
2520
2493
2460
1203
1355
4768
2910
2636
2903
3607
4913
810
1069
136
1379
363
1515
1952
2975
5468
138
394
2210
191
1076
1461
5005
4316
785
1020
2099
2099
89
1292
1001
879
4546
2051
2944
3883
4992
555
669
729
834
671
581
1407
3907
3018
1260
1116
5246
5158
2612
4055
625
1253
548
3748
533
478
532
490
4880
4562
1512
161
1358
2288
2464
1849
52
1207
145
1023
1023
3244
1186
1375
4943
5319
1517
107
1611
3859
4724
2489
978
3712
3628
1366
1013
1713
312
1739
4216
657
294
4929
281
353
1619
1567
4454
720
452
4503
2938
1125
2532
3556
5347
1729
5010
4201
4201
5458
3142
2575
1982
4930
5422
2125
503
539
743
3727
2686
3131
2610
2640
782
789
4948
700
645
541
2794
285
1518
1972
1392
3133
401
5116
2389
291
2643
5259
4149
1809
455
460
174
2321
960
960
459
459
3378
2185
618
3741
2969
2969
1648
564
1578
159
159
33
3380
537
2954
2959
1378
937
3743
5479
2540
254
444
474
1677
1936
4421
3339
752
1658
1526
73
96
520
2762
3069
815
1406
828
686
3112
56
4307
600
1499
42
4338
212
3726
3669
4458
593
373
209
4633
3464
1074
4350
5119
4257
3225
149
5031
3202
140
153
5057
69
1403
324
1810
1280
5202
3869
1728
3171
1460
1599
2281
2850
1106
3300
517
165
5324
2870
3973
3187
4652
5323
4711
4449
806
806
4565
4565
4942
4942
1894
167
3586
366
1426
336
917
30
1389
3106
208
2714
2205
1161
183
195
3997
3248
4139
2068
572
4772
342
2609
494
303
2729
1086
3415
1506
3977
1313
3696
362
3824
4443
4346
4764
2229
2856
2377
34
1931
4813
3249
40
45
45
47
249
365
49
49
178
690
577
62
1798
400
642
661
1008
91
1142
162
162
54
54
116
122
5052
4027
2720
5077
108
189
680
1398
130
119
408
932
688
1347
4475
3125
1531
783
4804
1031
423
333
333
440
636
111
4367
327
327
321
1516
633
5352
127
5298
5333
4893
4651
4487
109
632
2315
1003
924
352
399
7
13
3426
4657
1458
1423
1469
1813
5062
543
1754
2159
682
98
4714
4
101
1452
1212
624
878
833
1612
5378
3577
4033
5472
5
125
4541
4072
3091
2603
2
614
3
8
1189
4654
76
82
1554
4070
2754
261
90
197
1408
93
542
500
257
218
4485
437
428
1541
314
64
2689
1595
2291
1921
4224
1486
2237
14
3646
2563
2463
2392
612
4628
2009
3941
1919
3711
3034
61
4961
355
350
3858
51
86
72
53
155
453
1239
3843
239
653
137
137
717
118
2786
2530
113
1343
827
5285
1711
4180
102
465
2901
4128
1034
83
128
716
74
4230
5338
3331
3331
1288
516
651
361
123
550
477
3232
1923
354
1665
147
202
4697
1027
2823
2576
1182
1134
2024
3573
3580
3580
5127
3136
110
22
17
12
3154
4839
3243
1564
1443
357
847
322
732
317
325
794
308
251
765
286
448
734
1026
295
601
1202
369
4749
926
305
1647
504
3507
1806
376
15
20
4329
4803
4803
16
4463
707
1873
3782
505
390
487
5287
1415
332
1196
246
658
4215
2890
3454
2295
6
2702
5209
4723
2398
1467
164
377
117
115
18
1746
1830
3619
2091
1765
4587
67
71
1965
409
4641
5434
5366
647
4823
5262
1945
31
715
4625
206
266
1823
5180
5337
2003
2165
677
677
697
1328
1457
81
803
156
3179
4515
853
4621
5278
1485
3401
3401
2634
11
2622
4812
699
699
1472
320
660
1061
911
1112
640
2871
207
304
205
1803
3985
10
4599
648
3404
1218
2625
3298
1342
1843
1299
909
884
5351
1277
276
2534
2041
2138
135
217
3451
1012
57
160
2271
814
722
5504
553
987
787
760
760
5137
634
1223
2176
4703
655
4199
1950
3157
3220
310
1743
3286
744
891
3351
1054
1077
158
1632
4137
3268
5040
19
2384
2226
1778
242
21
1504
2146
121
1354
60
873
235
3832
4195
3546
2606
3546
2131
3530
2628
4073
2755
3274
3564
2658
649
476
527
5082
5021
5021
2201
4717
3021
1655
1676
575
103
55
3965
5311
5370
4364
59
1466
652
512
4275
1700
865
2710
3416
819
628
48
66
599
88
88
163
163
384
726
638
5379
797
112
755
187
166
166
106
104
1118
3110
3110
1649
41
36
46
28
374
2019
97
1011
1110
698
750
591
1056
777
583
248
2018
1909
1094
5499
4400
4400
338
426
1387
1016
837
4692
706
646
3575
3575
3385
3571
263
2660
2583
2660
3120
288
38
3411
210
5417
1596
213
143
3553
345
2482
5218
608
4342
1667
4294
2623
2388
3911
3911
264
604
1140
4968
1340
1340
936
936
723
606
602
79
32
44
2924
562
1675
386
1521
585
3139
2136
3308
3308
627
702
484
551
3774
5151
225
185
179
176
566
523
198
198
559
1063
63
5383
836
144
139
126
220
3393
1248
256
256
622
1078
942
1091
945
230
1816
825
1640
26
24
2039
762
4387
1190
3221
839
895
659
392
186
497
1481
186
190
434
603
3165
1420
23
822
695
1232
194
4355
748
3390
188
300
1785
2893
2480
798
58
58
4145
711
146
170
301
85
114
85
99
3309
1404
670
371
3484
499
3670
3644
2420
3145
4684
2662
2723
2892
2114
5175
5427
3201
5306
296
941
875
663
3481
105
780
4095
396
573
1402
1680
524
959
841
439
1002
2692
4704
3718
297
558
253
4895
335
335
1341
429
1411
491
65
458
2855
2855
3572
3653
3080
4582
1245
87
1864
341
2816
201
388
388
5146
1272
579
4853
4119
509
4528
192
3357
340
1827
1563
5393
238
2894
1528
1145
793
27
35
2564
906
1925
1598
2753
29
468
1058
1060
172
172
4984
419
718
250
398
2354
2354
2797
3431
2395
2667
2586
387
157
157
228
3161
4062
3652
545
43
43
2888
1898
3222
3222
4718
339
650
506
70
454
2119
2418
4676
221
226
272
3101
39
39
37
522
605
519
1
2334
1124
1179
980
124
124
2005
142
134
134
4481
2048
1721
1589
4552
4836
493
3048
2408
1742
1651
869
4622
4774
4774
683
425
425
495
3410
3831
182
84
5115
5182
150
391
92
95
983
418
849
1960
2765
662
5227
4781
4404
5079
922
888
1087
737
436
1100
463
676
2088
154
180
2485
886
215
2587
168
204
1955
344
3834
3389
4619
4360
501
1083
4932
5219
584
1771
2631
1359
1653
5451
4427
4993
4993
3332
644
775
402
415
268
393
5395
1173
2359
2266
943
2357
4166
955
955
2802
1772
5402
3388
2980
1704
3616
2001
2387
2192
5404
842
378
736
270
375
375
75
275
3637
133
347
50
68
25
1088
781
2008
1924
1924
129
129
406
406
4181
224
245
1096
4914
3794
9
9
1450
3477
2303
970
244
3305
2102
1900
173
518
1550
1215
5244
2732
2509
2509
2189
536
1976
287
934
2390
177
4416
672
856
368
351
360
199
199
214
214
233
343
417
364
1230
5200
802
3833
181
2830
359
745
745
592
609
282
5331
5017
5002
5459
4574
2963
2963
2809
3599
3600
2107
290
330
466
552
323
831
710
404
809
231
3218
890
868
318
1143
1986
311
685
313
309
5080
302
569
2265
243
379
2504
615
540
193
2538
299
2025
316
3893
2958
3666
1922
654
3587
2716
3182
4227
2451
2336
1601
2977
307
766
679
152
1159
882
3147
2511
169
169
3779
3779
4432
380
278
277
483
483
258
1133
808
784
772
582
989
1702
712
727
751
2708
131
216
219
216
271
271
383
385
141
623
561
613
273
513
279
284
531
838
5297
94
94
407
283
630
395
2033
544
151
3889
3889
346
5386
747
746
2812
4573
4603
236
410
449
259
259
240
240
739
306
132
234
237
200
4125
673
2397
4212
2207
4807
641
639
900
367
725
413
403
1268
3235
946
510
1940
2672
843
267
480
616
411
3735
2409
3311
328
78
80
3865
5049
5247
397
1049
1258
1498
928
430
430
586
546
528
2290
1788
100
905
405
431
381
862
1007
1028
1529
689
2038
1115
769
2795
508
704
4174
998
3955
2161
1967
203
3547
2238
2238
3966
241
184
196
1079
514
1886
358
265
255
298
2144
2555
821
684
2828
2123
2150
587
799
3742
2581
2541
2590
3437
4344
3228
557
701
526
526
731
2928
2230
1307
1307
643
1035
4927
4506
4924
4472
4648
776
724
818
867
759
1671
2680
1416
247
4982
2726
2875
3000
538
1678
580
227
470
3555
2356
412
260
3337
2767
742
3132
2164
3622
1895
507
1192
420
389
3496
232
232
451
1434
668
1705
2936
492
1817
4688
5156
2682
4321
3334
2614
2090
1822
2299
693
4754
1946
2497
4242
3005
979
812
3732
1121
1977
1238
171
4964
3906
3198
475
421
1475
588
372
3177
4986
4986
438
422
433
443
1043
1006
4519
590
1068
4023
2249
4354
4114
4354
4394
3962
3540
863
1622
2730
665
5126
5271
515
1103
120
764
424
424
511
2410
229
229
2777
3956
721
2083
1638
1718
1868
666
4168
5159
3511
289
5123
5381
3123
4828
4996
5162
5418
2406
574
1540
5047
4066
4052
1884
447
4100
4255
3055
3122
1637
3405
535
467
461
3532
3532
3513
4401
3861
2097
2889
2889
3663
3974
3579
2876
1709
1698
774
560
5416
1249
1606
1917
3647
3330
4247
4500
1030
427
2134
5406
471
5083
222
571
445
2188
469
4637
416
3544
5086
326
1522
3310
329
4606
598
319
356
432
4585
489
441
5446
4320
4046
1493
1267
3631
3631
1593
719
2208
521
620
4209
2147
4553
3898
3695
1093
3140
1740
1489
315
3596
4002
4529
674
664
957
4570
667
1610
4093
738
5131
3471
472
2235
1502
2664
1790
5392
1934
3761
5316
2121
292
269
3023
816
4762
4578
4830
2911
2458
3521
337
2241
1508
594
4737
1394
4288
1194
1264
1376
1607
3614
1948
1865
1409
529
3933
2072
2633
4620
457
1319
530
607
984
565
4871
5480
1520
1993
4731
5223
4214
5033
2386
3326
4887
4450
3510
1483
211
5369
3723
2342
2283
3480
1548
3890
3923
1015
2580
1462
1081
2466
1615
3768
3146
681
4452
5059
2514
2837
3050
1585
4267
4267
1573
1804
1459
4453
3728
4491
3224
3823
595
2289
692
1559
2637
1888
2322
2095
4417
2012
2743
753
656
3406
4838
1107
3879
5441
5142
4658
446
3515
4488
4155
4659
5177
1108
349
4418
3664
2677
1764
3092
3058
4780
3958
763
2355
5242
3323
4847
1902
894
3759
626
1255
1725
1871
1769
2973
3557
1271
4609
4336
4356
788
534
1187
1155
1708
965
1714
1741
1752
596
1391
3031
1576
1410
4806
2978
4140
708
1626
1818
1818
2525
5075
414
1344
4678
2416
974
5138
1643
3569
3367
635
2180
3010
549
3301
3117
3117
3681
3681
773
435
1148
1572
482
3840
3590
4442
2567
2817
3618
1447
800
1057
1057
5053
1815
5099
3002
3744
3316
1958
1872
4611
4510
948
1266
2218
3151
2473
4696
4078
1783
817
5482
486
1072
1036
334
370
331
1624
5256
4777
5461
5147
1152
1085
3504
502
611
2981
1747
2909
1630
1234
3038
1999
2481
3796
563
5067
3842
4090
3927
3927
1339
829
5476
3373
3691
5030
3183
2227
4277
1532
1722
4549
5320
5320
1136
3428
1119
3836
1497
3149
3149
1571
740
637
3379
568
4526
3158
2906
3708
2905
1836
1836
1181
3526
2750
3934
5163
2556
1383
1385
3162
3041
4954
1613
1429
4167
4769
2247
4156
5081
4415
4809
778
4702
3528
754
5327
1782
4213
1377
4504
3508
1066
3291
5041
2639
4107
1317
3412
768
5018
1565
2833
2405
4876
4918
2471
4861
2547
2194
2832
2832
1037
2124
1773
1773
813
5487
3181
4827
4794
2503
1556
3854
3608
3608
2550
4747
2251
5382
4284
4978
3138
5206
4476
4476
5037
675
5500
2078
4859
2917
5235
4595
4901
4712
4801
4563
4971
1992
4252
4146
1174
3677
3333
2656
5475
2061
4428
5312
1009
1300
4319
2232
1206
758
3252
2863
3353
567
2669
5282
4608
4597
5045
3327
5114
621
556
488
3535
4236
4708
2333
2813
3697
1736
3212
464
2086
1899
4068
5273
5186
1776
4719
1000
929
4627
3152
1488
4746
3870
3772
1560
1914
3683
1767
2735
2436
2648
4099
5265
3894
1430
2032
1073
2986
4741
2495
1673
3009
4462
1631
4169
2143
2106
1514
3702
3174
2204
1654
4330
1308
1047
1029
3366
2846
3847
1692
3377
2028
3361
2431
1825
3826
4293
1883
2116
4995
4816
3236
4835
5486
1715
3519
1184
4087
5193
2250
3439
3439
5454
5415
4693
3119
4495
5325
1880
2651
2932
2731
2335
3910
2792
2792
3798
2533
3115
2296
3621
2440
3902
5364
1289
1024
1014
2872
3684
3738
1287
901
786
1254
896
2784
1659
2142
1478
1479
2728
2044
1979
981
3715
857
1241
1446
985
985
1425
990
982
5377
733
4919
4919
1582
1276
1195
4017
3816
5388
2607
4238
2475
5001
2997
2939
749
2949
3423
5343
1123
4682
5072
958
1707
2065
3355
3516
3449
2349
4701
2154
4318
3606
1961
4025
3733
4683
907
1401
2079
1126
2101
2313
2006
4021
1211
3655
2518
1896
1397
1682
5506
2829
5100
1591
1311
770
4264
4325
