11954
11965
11945
9893
12419
9120
9422
9346
9119
9193
9354
10188
9252
10678
11517
9873
10860
10763
12119
12506
11248
11858
12101
9707
10938
10938
8775
10903
10903
11996
12420
12207
12011
11899
12203
12397
10825
12248
12303
11855
10025
11206
12541
9265
9008
11599
11541
11656
12234
10341
10839
10425
10130
10968
9971
9195
11373
11389
11740
10405
11876
9276
11879
9367
9711
11748
12551
10791
11852
9053
10357
9513
10109
10002
11323
10070
10683
10275
11302
10794
11435
11818
11111
11339
10583
10150
12434
11721
9183
9231
10581
11114
11495
12362
12362
10741
12157
11878
12127
10765
10462
11562
10871
11069
9601
11807
11598
10285
12565
11633
11825
12255
9740
9970
11432
9864
10221
9021
11193
10066
10700
10818
12561
12270
10846
12215
9983
11960
10689
9609
10746
10693
11186
11439
9057
12089
11334
10270
11243
10971
11151
10386
11822
10876
10660
10793
10424
10371
11424
10117
9145
12345
12508
10454
10817
11255
11766
11076
10643
11337
9523
9612
11526
11683
12568
11645
12528
10252
11854
9779
9359
11820
11438
11568
11242
10131
10475
10594
12438
10384
9537
9874
11669
12168
11221
11745
11810
12497
11782
11048
12353
11670
10841
10320
11848
11328
12033
12437
11789
11883
10709
12219
9050
9528
9561
9621
9842
12249
12182
12198
12198
12064
11012
10973
11803
12359
11181
9868
8814
12342
11029
10930
11970
11673
9173
12409
9521
10728
12524
9332
11738
9133
11668
9855
9855
10679
10183
9371
11227
10098
12002
9554
11149
10558
12572
9493
11944
10081
10072
11071
11556
11746
12475
10312
11503
10501
11556
8958
12183
11485
11485
11140
12129
10110
9257
11062
12317
11240
12001
9115
8974
12476
10115
11176
10928
9009
11959
11453
11388
9139
10039
11441
9460
9482
10342
10563
11045
11261
12343
11415
12533
10132
11050
9996
10005
9588
9907
9357
12117
10235
9011
9132
11947
8862
12099
9044
10525
11191
11675
11180
10670
10141
12552
9863
10531
10325
10674
10674
9729
10069
10069
11496
12393
10322
10322
10953
11450
11030
8822
9248
9082
9432
11684
9556
9935
9935
9099
8986
10810
12507
9965
9808
10952
10999
12371
12220
12045
10151
9049
9418
12558
9848
9899
9802
9157
10711
12030
10497
9117
8735
8761
8789
10003
11173
9594
11790
10379
10792
9470
11004
11004
11324
9940
10858
11274
9730
8918
10284
9833
12301
11065
9450
9539
9505
9714
9768
11572
10196
11837
10498
9361
11283
9305
11325
10250
11322
9752
10344
11043
11009
11009
11009
10446
10446
11235
10937
11749
8759
8631
9430
10515
11383
8733
8733
10050
11058
12299
11171
9699
9261
9401
9313
9992
9394
9647
10185
8423
11929
12459
8829
9890
10156
10787
10779
10677
9818
10787
9372
8274
8546
10401
8878
12423
11205
9425
10127
9794
9712
9442
9436
9566
9128
10654
8656
8609
9742
12087
9678
9296
8713
8713
9171
9591
10577
9184
9571
9718
11536
8481
8463
12162
9708
9427
9553
9227
9413
8445
12226
8470
11564
10036
10197
11360
9318
9298
11781
9892
8429
11490
10528
9670
11611
12048
9499
11446
10770
10770
11943
12586
11915
10891
10754
11419
10610
9213
12020
9570
11596
12567
10432
11367
12037
11136
11044
8433
10369
9200
8694
8675
9308
10547
11971
10200
8623
9676
9644
9644
11036
12272
9590
9704
10863
10334
9980
8590
12525
9974
10912
10870
10182
11056
10500
10057
10975
11049
11979
12503
12025
10738
10727
11108
11460
9175
8966
10319
8987
9123
9175
8966
10319
9576
9896
10083
10428
8788
10097
9579
10724
12415
10390
10014
9774
8754
8933
10287
11539
9287
10029
11364
10087
12185
12067
12284
10463
9616
9196
11431
10830
9338
8919
11307
9736
10922
9776
12142
8798
8798
9516
9613
12390
10951
11566
11703
10807
10343
9897
10094
10585
9854
12052
12510
10606
9667
8682
9043
9206
8418
10092
9651
10914
10508
10544
12188
10175
10383
10218
10043
8701
10286
11624
10119
9239
8669
8668
10881
9486
11530
12514
11720
10642
9212
9739
8533
8886
11308
8621
8364
12218
10551
11755
11637
9997
10154
10195
11342
11986
11072
12245
9793
8764
10543
12273
12336
12169
12121
11532
9397
9073
12366
8594
11059
11016
12549
11704
12414
10277
10199
11365
12519
12135
9830
9830
9529
9187
9780
10752
8476
8441
10303
10303
8555
10028
10875
11167
9464
11753
9025
12428
11862
10227
11511
12137
12225
9414
8641
8763
8895
8891
12512
12512
12494
12483
12436
12436
12563
8642
8720
10538
10538
11975
11975
9871
11358
8741
8989
10254
10249
10249
11500
8866
8869
8808
10176
10031
9273
10174
9930
8647
8647
11707
11025
9775
11808
9620
9906
9906
11414
12194
8392
8346
10393
9966
9966
11892
11892
9103
10048
9770
11202
10633
10370
10472
10639
12492
12377
9208
8629
10607
10720
12210
8809
8333
9282
11724
9552
8405
9065
8267
11904
11384
12016
10398
10409
10348
11811
11112
9411
11422
10855
9819
8846
8846
9469
8880
11651
11203
12115
10352
8563
11851
9952
9693
9587
9593
9975
10382
10723
10223
9815
9737
8416
11246
10814
10246
12080
10331
9875
9875
8388
10027
12327
9955
9955
10450
12143
9898
9898
9898
9913
9382
8510
11715
12355
9962
10292
11771
9797
8888
10979
12167
10744
10253
10160
10468
10591
10649
10047
8837
10824
8791
8843
9973
9973
9973
12401
8890
11981
8857
8628
10022
8618
8523
9369
11800
11788
11777
11955
12133
10438
9636
9748
11293
11018
11340
11340
8696
9790
9176
9180
9180
9272
9272
9272
9329
9329
10273
10766
12238
10564
8195
9825
9917
11346
12588
11326
9337
11551
12120
9299
11506
10262
12208
9680
12463
9702
9702
10537
8744
8902
9816
8520
11736
11736
8749
8661
8661
8777
9068
11066
10986
10986
10986
10986
9112
10546
8616
8685
8927
12504
12554
11682
8937
9230
9230
9230
9788
9788
10335
9194
9194
9194
11579
10993
11229
11744
8693
8202
8351
8552
10496
10496
8670
8821
9661
9617
11354
11455
9150
8667
11278
9550
8654
10902
10864
9443
9443
10190
8576
8499
8756
9396
11613
9852
8430
8357
8447
9306
9090
11281
11281
11126
11126
8782
8663
8525
11348
10145
12196
11333
11038
11832
10260
8839
9777
10101
11429
8698
9580
9134
10265
12456
10439
8363
8827
8936
12174
10822
10699
8584
8584
8732
8732
12328
9039
8953
8743
8428
10240
8448
11982
8842
8842
8478
11110
8620
8620
12281
12501
9728
10989
11940
11132
8547
8547
10519
10519
10646
9910
9205
9939
10404
8828
8162
8367
8295
9722
12247
8511
8511
8508
12123
9643
11263
11263
12418
9982
10783
10872
10960
8852
8847
9233
8589
10923
11327
10739
10419
8586
10804
10862
9750
11939
10647
8876
9694
9221
12535
12583
9657
10467
12156
11428
11989
8161
9211
9786
9786
9746
9629
11827
9610
9610
12107
8915
10096
11543
11655
10778
12184
12241
12056
8697
8926
9677
9650
9696
9754
8943
8943
11796
10621
10604
9605
9395
11845
9602
8252
10685
8469
8469
8921
8365
9350
8750
8944
11769
8457
10192
10209
10209
10209
10866
8863
8906
9029
9832
11987
10548
12575
9391
8783
10657
11499
12060
8817
8817
8554
10789
8801
11546
10799
8145
11917
11917
9551
11179
11604
8572
8871
8871
8942
11601
9210
12181
9977
9700
9700
9162
9162
8980
8980
8980
9710
9448
8379
8900
11534
8677
8677
8677
8579
10354
8790
12004
9042
10541
10541
8210
8329
8229
9511
8797
8644
8218
8434
8125
11901
9961
9999
9698
9412
9412
8604
8662
9201
8671
12114
8318
9541
10194
10056
11565
9144
10055
9932
9277
8529
8851
8851
11640
9563
9821
10397
10407
10397
11223
11168
9225
9859
8638
8355
8334
8378
11672
8786
9843
8573
8687
11465
10211
9172
10317
10135
8674
9077
9066
9851
9814
11195
11548
12580
8085
9143
8516
9368
8990
8990
10995
8025
11676
8683
8659
8659
12520
10929
8975
9019
8400
12484
12152
12403
11175
10089
8371
9795
11909
10143
10434
10434
8557
11417
11107
12405
8472
8993
10251
8261
9689
8730
8337
9488
8925
9237
8881
8259
10238
8419
9235
12265
8911
9067
10230
10138
10985
9531
9238
8920
10451
8146
8692
8403
8574
8717
9216
10569
10172
9392
8737
8129
10567
10567
11700
8347
11521
10163
8293
8768
9963
11234
8065
9203
10062
10611
9547
9727
10239
12049
9719
12577
10381
8950
12074
8417
11757
10406
12104
9137
11080
11113
8965
12527
10435
9928
11842
12368
12467
11271
10133
8566
8898
9697
11480
11544
9858
8655
12334
12334
12400
11569
8502
10613
9309
9307
8924
8834
11542
9345
9478
12254
10306
8270
8271
11226
9027
9110
9370
10662
10617
10635
12341
8245
8493
8493
10661
11558
11958
8864
8444
8390
8394
9293
8545
12178
12131
11722
8658
10847
9106
11639
8513
8513
8622
8622
9322
9302
8492
8366
9051
11068
12065
11863
11225
11411
8431
8560
11587
9424
11660
12382
9344
8133
11092
12091
10812
11147
10360
10330
8700
11458
9174
8868
11717
8048
12140
9311
9311
12305
11694
8197
9080
9314
11894
7915
10443
11032
11000
9949
11644
9327
9681
9010
10861
9510
9100
9507
8845
10030
8747
8747
12422
11375
11272
9844
8711
11395
11560
8495
9104
8501
11582
10288
10897
10422
8322
8840
11719
8027
8588
12571
11677
8204
8165
8132
8514
8299
8339
8344
8344
8312
12466
11887
8606
9998
9908
8412
9403
12040
9423
10809
10809
10809
12113
12279
8373
9232
10326
10996
10587
10718
9809
10075
8872
8522
8093
8088
12369
9630
9877
8298
9494
9356
8901
8702
8702
12406
9055
11593
8531
8637
9111
11729
12469
12139
10040
12454
8437
8094
9989
7921
11563
11279
9376
12263
8340
8393
8308
9557
9185
10561
8601
11063
11160
12122
8227
12110
8013
11791
10588
8779
9406
9406
9034
8820
12402
9331
12179
10919
11632
9160
9434
8859
11238
11902
9862
11300
9118
11619
9118
9181
9384
9405
8742
8345
10457
8757
10213
8766
8766
8796
8796
9069
9069
9069
7949
8375
8389
11266
12063
9679
8607
8607
9581
10650
8326
9912
9456
9243
9243
9245
8300
8411
9170
10297
10073
10651
11200
11667
11010
8617
8498
9618
11239
11597
8290
8283
11578
11095
8265
11936
11196
8280
8415
9152
10426
8947
8370
10358
9054
10705
12421
9988
10574
12166
9197
11805
9380
9869
11643
9836
9900
8635
9156
8173
8175
10079
11573
10080
8353
11927
11730
12392
8119
8718
8479
11776
9363
8266
8115
8598
8112
9360
8556
12452
10823
10456
9317
10906
10507
9481
9666
9969
8231
8543
8019
12136
8185
8224
10589
9575
11468
10605
10874
11052
7913
8084
8086
8287
8727
8727
12292
11019
9828
8841
9420
8860
8860
8860
8905
8905
11079
9743
9937
10044
10008
8102
10882
10939
10850
8676
8234
9333
10992
9109
9316
9105
8249
11297
9639
12304
8114
11576
11699
8143
11665
11083
10849
8489
12348
10445
10598
8206
9032
9032
8215
12446
9803
9033
8208
8208
8207
8207
10004
12244
11893
8286
9154
10895
9726
8192
10740
12283
11407
9407
11922
8034
12347
9800
11130
9435
11671
11184
11194
11201
11691
10597
11101
11942
10977
11594
9094
9102
10877
10893
9035
8003
8043
11689
9410
9135
9284
9501
10042
8519
10751
10751
9365
9365
9438
11734
8455
7947
11630
11471
8497
10644
12323
12253
8281
12050
9131
11491
11502
11513
11491
11999
11472
10153
9041
9281
9041
9281
10686
10686
11522
8485
11946
8130
8603
11392
11315
10896
10023
8311
8600
8784
8241
8123
8461
9129
10983
10628
10731
10731
11623
11312
9956
9046
10886
9167
7781
9477
9254
8591
9701
8994
8699
7887
8369
10659
9038
8313
8313
10803
10843
8006
8029
8605
8602
10907
9577
11709
11992
8703
12470
8050
10359
12069
11617
11249
12289
8151
8739
8739
8738
8738
9709
8738
8751
8751
7846
12202
8053
9987
11974
8385
8438
9914
11142
9141
11555
11061
9300
11055
8909
8970
8970
11907
10410
11042
11042
11039
9355
8156
9223
8256
8253
8157
11125
8483
8746
8646
8963
9847
9161
9161
11267
8148
10634
9028
8141
8186
8106
11891
11096
11096
10905
10905
11641
11733
11763
10957
7975
12569
7774
7779
9944
8725
8725
10945
7804
8819
8819
7851
10480
11264
10076
11896
9945
11046
9014
11046
9224
7958
8765
10340
8343
7978
9445
11586
11518
10762
8436
8213
9491
8427
9626
8080
11516
10059
8047
11154
7775
7837
8904
9335
10420
11933
8158
10616
7967
12313
9984
11332
10684
9599
9063
11962
12150
12150
9798
11994
9959
10368
8163
9402
9016
8684
10217
10217
8456
8338
9092
11451
8818
9385
10856
12022
11950
9328
12354
10494
10298
10568
9744
11864
7871
10203
9324
10418
10365
10416
10416
9682
8350
10233
8348
7922
12555
12532
12516
11433
10867
9958
8553
9835
10202
8914
12187
9286
12199
9804
8505
9444
11610
11430
9993
9645
9652
10573
11754
12285
8595
8722
11765
8009
7788
12315
12308
11750
10493
12081
7962
7919
9003
8811
11183
10743
8360
9918
8530
7778
7759
7971
10665
8076
12193
8640
12059
12059
10956
11216
11320
11605
11612
11767
10499
11120
8565
12047
11787
11787
10400
8250
10927
10565
10509
11963
9734
10430
9931
9530
11493
12206
8081
8078
8226
8035
9741
8799
8799
11368
11980
10774
8592
10125
7932
11934
11969
11795
10955
8897
8167
8178
9098
8176
10944
9490
9449
10367
10959
8787
8539
8314
11091
11145
9641
8383
8309
7757
11966
10933
12214
12453
12453
10557
11520
12587
10808
10808
10653
9409
11100
11150
11420
12321
10000
8939
11770
11866
8599
7879
7878
8220
8098
11454
8425
8451
9256
10187
11921
11002
10626
9585
9603
9637
9323
10760
10753
9817
10311
8706
9695
9158
9606
11514
9421
12548
11024
10464
12448
11197
9056
9761
12149
8652
9091
8611
9093
9075
10237
8203
11034
12090
11146
9822
9584
9250
10324
8237
8475
8981
9437
9349
7954
9022
9074
12151
8500
8071
10755
11387
10329
8301
8262
9004
12546
7869
12224
7956
7977
7961
8127
7791
10361
9512
10452
11305
11725
11287
8802
11244
11211
11159
11538
10220
11663
10372
9655
9655
8645
9130
9515
12066
9036
11210
11881
8037
11702
11702
10516
10516
10767
8016
8726
8453
8196
11595
12286
12243
11900
10473
11951
8282
9229
12130
12130
12130
9148
8214
8225
9628
11695
8755
9087
12310
10321
8039
10106
8304
8233
8233
8793
8929
9732
12062
7624
7741
11109
11174
8306
12529
10403
8150
10495
10495
7989
9789
10566
11905
10112
11372
10487
11941
12146
12105
10282
7847
9634
9634
10448
10601
10347
9461
9058
9758
9758
10599
8535
9504
10336
10707
7934
8812
11998
10576
8170
12298
9920
10049
10780
11134
11286
11353
11353
11352
9095
8223
8223
8240
9706
11592
7991
9202
9096
7734
7734
10970
9496
9059
10880
10271
11053
11436
11251
8063
7952
8960
11284
11984
11830
8961
8983
8917
12019
11318
8194
12006
8660
9724
8985
8896
11553
11137
8753
8401
11155
10148
12474
12482
11124
11075
11410
9190
9716
10840
12322
8057
9453
8482
8242
8657
10742
12408
8260
8260
8042
7968
11366
7701
9268
8593
12251
7896
8020
8973
8544
8120
10520
10734
10266
8955
9377
10776
10316
8255
10505
12293
9310
9543
12410
12332
10949
9404
10427
10394
7732
7901
7814
7814
8941
12574
8716
10909
11204
9769
10026
11241
9064
10713
12195
8296
7930
7770
9901
8040
10214
10961
12522
12003
7933
12499
10323
7670
10147
11856
8177
11276
11481
8409
8465
7844
9030
10261
11937
10620
10663
7964
7937
12230
10201
11662
11492
11301
11492
10887
11498
12258
9764
8136
8087
9484
10011
9262
10104
10554
12570
11445
11726
12073
9089
7994
7718
10458
8406
8007
8097
10103
11861
7826
11118
8771
8180
10671
12521
9838
8144
8236
10315
7823
11649
10781
7501
12042
11256
8111
10745
8996
8826
12398
8179
8945
11636
11187
10637
7868
7856
11727
8188
7835
9048
8291
11078
11099
10580
9020
10806
9500
11230
9745
9976
7801
12242
11549
11711
12468
11681
11277
11277
12144
12032
7561
11212
12375
9921
8374
7993
8239
10388
10388
10900
10513
10490
12240
12201
8060
12367
12367
9258
9497
8107
10725
8626
10504
11666
12148
10638
10788
10655
10655
10730
11444
7404
8258
8320
8264
8285
10514
7335
9954
7862
9782
11011
10526
10965
11658
12445
12338
11037
9081
9116
8558
9234
9640
9519
7812
12439
12443
11098
8704
8704
11295
11047
8030
10747
9222
8336
8199
8509
11143
9762
10280
7742
7632
7615
7615
9972
10291
12013
7378
8776
12356
10940
12435
11664
10940
8399
9241
8752
10068
10210
11809
10442
8680
10479
10522
10165
10305
10269
10165
11008
11381
8201
8315
12363
10640
8853
8882
12458
10631
12325
7805
10134
9942
9922
7698
7789
9905
10065
11696
11073
11073
9738
10648
10648
11685
10609
10102
10976
10296
10485
11847
9429
9002
11608
11199
10099
9084
10889
10374
9246
8695
11357
11448
11448
11448
8024
8833
12346
7905
7827
7983
10572
7344
9691
12451
8131
10108
10226
10641
7803
9861
11545
12235
9285
10421
10527
8810
9498
9431
7938
10038
10402
7861
10281
9188
8011
8155
9076
11824
7544
8070
8109
7465
7693
9458
10943
11220
10668
8729
10294
8149
12271
7918
10129
9326
8832
11831
7995
10051
10666
11089
11484
8113
11642
7514
11603
12094
10257
10257
10994
10396
9336
9796
10152
9146
11014
11014
12095
10465
8402
7604
12427
8435
8452
9925
9925
9255
9548
9086
11290
10293
8562
11396
8664
8440
8673
8612
8328
10556
7749
7665
7665
7484
7565
7662
7953
10596
11214
7651
11103
10437
12544
11027
9517
10123
7944
11233
9269
8361
8368
9888
9915
10391
7586
7512
9994
10264
11289
11289
10540
11723
9826
8770
7867
11268
7241
12008
8051
8268
8268
7618
9783
12171
12239
12173
8884
9242
10466
11574
11483
11228
11074
11930
11661
11930
11583
8740
7845
8247
11408
12147
11801
8957
9274
8772
9149
9589
10444
7684
7943
8627
12465
7849
7866
7866
9468
8380
8331
10997
12426
8581
11487
10719
8946
10090
9799
11319
7696
9471
9315
12399
11874
9903
11321
8341
10017
10376
11477
9492
10575
10851
11674
8959
9596
11706
10061
7398
8190
9995
7722
7926
9524
10615
8887
10408
11911
10290
10167
11920
7605
10593
11252
11275
9663
10120
11170
11090
9911
12509
7597
9778
9259
11163
9876
11877
8596
10378
9763
7941
11488
8054
8459
9532
9532
8222
10082
8587
7728
7558
9598
12177
8174
7764
8137
8135
8105
7876
9638
8831
10920
8948
10559
10981
9534
8420
10980
9163
8515
7655
11626
10351
12038
12385
9535
8731
11821
9665
10274
7880
12071
12071
12053
8734
8736
10299
10690
11404
12024
10782
9791
9522
10105
8342
12326
9933
8649
11537
11298
9964
7617
7660
10478
10350
10667
10020
9455
8804
10126
10632
9136
8577
8865
9169
9169
8062
11634
8325
10772
7756
9542
8066
10181
12534
7917
10484
7462
9348
9207
8410
12294
11743
8982
11880
12077
8778
11759
11217
10483
10470
12076
7435
11508
8083
9781
8910
9771
9351
8404
9473
11895
10715
10658
11423
11423
9747
9747
10816
11141
9765
10555
10067
8816
9266
8538
9240
8632
9569
12333
8977
8940
7830
11580
11303
9289
7875
10853
9753
9753
11697
8052
7473
9684
10242
12562
8610
12464
7784
8028
8023
10800
11022
8010
10826
11198
7266
9018
7523
7546
10834
9664
11370
9483
8147
7903
10795
10854
7375
11123
8714
11812
8061
12550
10925
7494
8297
8297
7602
7848
7848
10489
8307
10373
12216
11990
10447
10447
10553
8349
9986
7908
7945
12487
9294
11402
7455
8049
11606
12329
8014
8014
12573
12573
10415
9015
9209
11133
11208
8032
9155
11309
11269
10749
7811
10139
11380
8665
8077
8033
11890
7702
10941
7790
8892
8548
7283
12264
11082
7627
7006
10001
7745
9990
11270
11577
10652
8272
10095
7735
7547
10894
11903
10629
7972
7313
8072
9979
12237
10244
10302
10289
9672
9151
9166
8745
12125
11153
10166
11489
10769
10748
10529
11382
8138
8067
11185
8128
12324
10883
11177
12493
10757
10815
11571
11459
11602
8813
9756
10756
8276
7434
7481
7581
11247
8362
10550
10630
7767
10571
12430
10380
8330
12186
10775
7709
7753
9495
7677
8166
8678
12471
11031
7438
11081
8526
8707
9824
8386
9538
7658
10164
12098
11478
11015
10338
7572
7430
9801
11259
7771
7771
8916
8835
11512
7649
7518
8045
8534
8376
8569
7744
12000
11622
9856
9856
11873
9991
9991
12502
12384
12384
12379
11705
9390
11294
11442
7567
7794
8923
11209
11377
7590
7590
8284
8209
8193
7399
11473
10708
11440
11007
10820
7714
8118
11533
7858
11245
10034
10477
10477
11752
11839
8583
12472
7842
7842
11403
11826
12312
12425
8015
9760
10159
10054
8681
7588
11304
7959
7489
7014
7239
9755
11784
11779
11778
11964
8688
7940
7979
11385
9572
11028
7780
7780
8998
8079
12153
9071
7694
7508
9731
8712
9373
9031
9465
9544
11105
10449
12034
10395
7324
9024
8838
11591
9870
7479
12350
10007
7364
12278
12269
12269
12269
11232
11070
12449
12449
12449
8235
8550
12309
12309
12309
8324
7610
9236
8354
9904
8398
10837
11772
11949
11991
7385
11654
8443
7493
7638
11620
11349
12233
12576
7891
9301
10680
9909
9813
8995
9813
11085
12165
8099
10869
7601
7601
8460
10878
8540
10137
8164
8164
11317
11254
9138
9383
9936
9108
9773
10917
7429
12361
9882
9005
8212
10845
8541
10482
9122
11751
7782
12061
12061
7560
7666
10046
7974
8503
8152
11023
10170
10170
7000
7013
7686
10931
7502
7831
11718
11718
10595
7716
10041
9399
7911
11886
8101
10318
10016
10093
10946
11983
12296
10542
10517
7304
7042
7026
6917
7426
12582
12300
8907
8464
7713
7447
7443
7776
7652
11467
11316
7966
10688
10355
9446
8488
8243
11575
6797
10161
7815
11867
8110
11102
7613
10208
9950
7723
7907
9047
9147
11882
12407
10827
7809
7751
7178
10314
11916
7585
10363
7368
10618
10645
9597
7506
7584
7431
11260
9502
7008
8288
10936
9379
7705
8855
7822
7750
11850
8090
7336
7336
7293
7576
7449
9648
10771
7531
7622
7622
8536
9001
10142
10722
11761
4610
7556
7888
8041
10890
7420
11585
7529
8168
12197
7664
7300
9713
8487
11589
11714
12523
7832
7832
7748
11731
11804
11356
7519
12217
11084
12380
12380
7528
7139
7419
7657
7402
7516
9283
7855
11701
10116
9943
12386
6883
11207
11906
8198
11819
11816
12102
11838
8971
10366
11967
8780
7397
8870
8870
8181
6633
6993
12374
12097
10859
9658
9312
11054
11231
12349
7510
12337
7140
12396
7282
11792
7533
9416
7729
11067
10276
7982
11121
9837
7058
7573
6456
6097
6076
8442
7109
9926
7733
9646
10582
10178
7909
8358
11157
11390
7499
7221
6299
6933
8074
7487
10982
7648
11104
10332
8615
9447
8930
9447
7036
11064
11774
9690
6979
6726
10356
7090
8069
9214
6589
6424
5769
6490
6645
12536
12511
10967
7403
11938
6310
10884
11129
6322
6346
6634
7834
11001
8672
9006
5940
6681
10441
5724
5857
6934
9518
11889
10272
10077
10085
6323
9179
6287
8238
7478
5991
9466
7246
11148
11646
11405
9595
11035
9226
9270
12505
12545
6757
8521
11398
7800
8103
8187
11273
12103
8932
7350
7316
5801
5698
7635
10885
12068
10911
7294
6720
10656
6313
6151
6083
6204
10180
10162
9625
10935
9622
12079
10412
8636
8216
6873
12288
7571
9343
7555
7626
7091
12498
11282
8625
12287
10440
6651
10835
7011
7444
9560
10682
11978
7427
7219
12585
7351
7314
7747
6379
6402
8823
7318
9219
9880
9849
7208
7208
11875
11956
7162
7540
7634
10304
9766
7644
7433
11224
5931
9810
5668
11285
8867
8830
7491
10947
6508
6474
8317
8038
8089
8089
8217
7425
9249
10702
6848
7587
11797
12566
8068
11013
11013
11172
7596
6139
5260
4775
9260
7646
7620
10612
5986
7450
9509
6416
6261
10158
10013
9884
6167
7807
7996
6906
7051
7549
9489
7150
12457
9653
9454
9319
9894
10888
7115
7215
9113
9398
6970
6539
7259
7998
4669
6285
5337
7299
11918
6481
10764
6570
9321
7955
6649
10675
10681
7766
6956
7096
8122
8122
8191
7174
10308
12442
6588
10584
10958
11762
7692
7984
8219
8117
8124
9916
8805
11814
4305
6937
4258
4268
7772
7504
8473
7927
8578
7071
12231
5186
9386
4717
4012
4517
10714
4854
7248
6823
5454
7524
11474
11802
12005
11482
10414
9253
4845
6367
5734
11017
9347
7401
9721
5942
12155
11447
7411
8316
12012
6968
6493
4955
7537
7424
6602
8432
6982
7496
6963
7568
6465
7064
8708
7700
6029
12542
11756
7659
7773
8310
5626
7566
7535
7575
7210
6945
7707
6780
6227
7925
7513
7295
7226
8893
8893
8728
7128
4031
7580
7332
8248
7328
10204
5237
6791
6206
4384
5590
7578
10012
7079
7890
7884
8774
8012
5376
12261
9820
12191
5209
5312
6950
8382
7406
7245
6877
10732
6928
12559
12041
6084
4899
11456
6900
12021
9583
9303
7356
10389
5330
6682
5604
10879
7005
8321
6152
6704
6679
9441
7762
6730
7278
6643
5960
6169
11128
6565
7470
5738
7015
7631
7067
7043
6878
6810
6807
6913
7059
6705
5514
7647
5894
6980
6183
5342
5163
8997
4957
7361
5933
4595
6920
7900
7010
9671
4647
7765
5445
4858
7594
7390
6932
10206
10222
6375
8679
7084
5092
7167
6562
5192
7474
6717
6728
10735
5505
5592
7267
6701
7464
7088
9037
9052
7177
5624
4246
11914
11910
7522
6476
8978
6690
7254
6662
4304
12058
8021
8044
8044
10623
10523
7545
10521
7240
6319
6543
6834
10687
8844
9845
10948
9220
5638
4130
7279
9013
5359
7415
5554
7188
7157
7236
6586
7030
6102
6965
5601
6486
7860
12252
6168
6548
5838
5405
6734
5757
7637
6338
6935
7674
7255
5902
5853
7360
6986
5502
7363
7172
7821
7110
4969
9968
7422
8723
5883
6240
6916
10962
7608
7608
7315
7321
7321
8795
7850
7850
12316
9608
10024
6884
8082
10552
7070
5365
6143
4668
10536
5813
7600
8564
7897
7207
7825
5714
7123
3885
6729
6463
6592
7738
7413
8962
9279
4866
4624
5099
6672
12364
8294
8992
10431
5827
9546
6270
4409
4072
3634
6435
7695
10032
12433
11292
11361
7148
6110
6405
6408
6381
6365
7840
7539
7227
7108
4481
12145
12145
4274
5200
3281
3055
3727
2938
2978
2801
3136
3994
3977
5170
3361
4135
3258
3149
4411
4210
3749
5068
5219
4904
7802
6530
3742
6144
5762
3115
5543
6449
4004
7992
7948
9540
5308
8883
7621
12043
12291
12290
6297
5646
12340
5004
3796
4387
3648
3710
5269
4016
3360
5586
3437
5396
7490
7287
7377
9362
11559
8806
8874
5313
3027
12578
10212
11122
7326
4689
6559
8769
11528
9121
7262
6400
6777
7511
9526
3319
8858
4008
6184
7894
7536
7817
7769
9506
3900
6383
6905
4670
11849
5451
5453
8807
5617
6699
10009
3252
10045
8517
8861
6480
2749
3304
10006
7628
6793
5456
7931
4974
4014
5867
3345
10991
9981
3850
3882
11434
4984
5193
7303
7204
5031
11793
8121
4803
7082
6748
6612
7505
6901
6815
7196
8387
7813
5540
8471
7942
7942
3808
4061
7599
7569
12381
12381
12381
6820
11127
7985
7034
11846
5877
6827
7028
7225
7234
7268
6352
7149
5369
8134
12222
6008
11355
5073
8449
7117
7727
7768
7760
7451
7711
7534
3209
6312
3056
5389
5416
4109
7582
6159
6806
10539
4540
5597
6984
6924
4937
4515
3913
3966
3290
3436
3949
3369
6747
8279
7483
6869
6879
3363
11253
4976
11189
10114
6055
3041
2800
6126
2988
3981
5955
3447
7044
3443
2880
3629
3424
3058
3207
3216
3589
3312
5460
5588
4543
3640
12093
9140
12093
3568
9168
6370
3375
7820
4323
7854
7828
6599
3474
12118
11106
7154
7074
6825
5253
5138
5072
6919
4011
3821
7441
3422
5564
5519
2456
2615
7386
2893
2820
7920
7475
6978
3699
3480
3670
4548
3324
2859
3242
6625
3123
6725
7843
6002
8648
3623
7503
7376
7904
6794
3953
3866
7132
2914
2722
3495
3687
4036
3753
3690
7276
6969
2728
4070
8873
8873
3334
12026
10248
10063
9642
9895
3219
8450
3355
2817
2457
3631
6357
6284
6269
5114
7591
2937
3081
3390
7216
3671
5338
2528
2927
6395
4592
3407
3379
3335
3071
2924
3510
2570
3218
12082
9142
4771
3084
3127
7488
3140
3391
4998
6446
3992
4083
6973
5054
3133
4151
7137
7050
3330
3154
3117
4380
3789
3403
8912
7176
3386
5179
5259
3812
5036
3655
2854
5218
6959
2885
3541
6947
6762
7395
6316
5355
2806
2634
4538
2671
6538
3806
3658
10916
3476
2900
2526
3937
12412
3236
2472
6977
7471
3080
2995
3093
5780
8408
8408
8762
7458
5324
3462
7124
10984
12132
10899
3704
7214
6164
6257
3074
8477
3217
3276
7155
2864
3182
3289
7089
3805
5262
6522
7249
7497
9960
6858
3945
3091
5142
5225
5914
6564
6540
2853
6953
5374
6444
7306
5728
5658
5662
5651
4911
7274
7467
3507
3037
2845
3553
7838
4518
6554
2780
10510
2554
3256
2933
3253
4159
7492
10932
12035
2990
4979
2920
2339
3787
3339
3261
4139
3026
5080
4783
3460
2662
2652
3087
4030
2421
2872
7307
3024
6397
7409
3465
3472
12014
2998
2695
3325
5432
6611
4900
3222
2628
5972
3245
3302
2705
2611
3011
2434
2882
2833
7289
3884
4826
2594
2866
2589
4694
3584
4259
3111
2557
5189
2904
3776
3996
2632
4171
10256
3102
4576
5295
7916
3717
3506
4672
2986
6080
6056
9565
7796
2774
3179
2559
6120
2954
3208
3317
12044
11739
7715
7163
6368
6685
7173
5302
2773
3352
2657
3481
5347
2771
6826
5686
3935
4225
6664
4441
7392
12088
9159
9045
3484
6771
3511
3524
6492
10868
12320
6205
6436
6857
6817
5362
2750
2816
7432
7144
7144
7394
4376
2709
6754
6666
3468
3491
9883
6912
6600
4413
5809
3811
4528
3810
3101
3266
4534
4619
3201
2580
2770
2832
6566
6749
5799
2522
7127
4131
3272
3404
2847
6173
6707
12232
2747
5112
4485
3904
3597
3586
2482
5233
7152
7180
7857
4995
4257
4196
2625
6560
6577
10307
6691
5830
5620
5048
11840
3030
11919
4522
2955
6998
7833
5967
7619
7761
3802
5790
2926
2878
7002
9673
12276
2763
2460
3448
6863
4399
4194
4033
4019
4603
6849
7345
5833
9717
5961
3414
7482
6572
6100
3292
6904
3779
4005
4157
6948
7593
7263
3809
2786
10234
8496
7073
4197
6453
5331
3442
3967
3978
3963
10309
7787
7080
7012
3896
5161
8634
12051
9927
10852
3694
4853
9669
12477
12189
10229
9000
8705
11131
5493
9459
6188
5708
6528
6355
3347
6751
4368
4769
2613
8935
7495
7396
7495
5236
11190
6761
6736
10579
6891
7100
5848
7337
4349
4607
4816
5258
7164
2913
5332
2983
7407
7611
5575
5191
11926
9846
11614
3402
2715
4605
2387
3834
3019
5070
6909
4913
4239
5996
5412
6882
9578
9654
6180
6088
9749
4751
6579
5935
2931
2544
3338
6363
3555
3435
6859
3496
2792
2939
6835
6756
10624
3003
7629
6822
4285
6217
7690
5661
10717
4881
5923
7562
7935
6782
3050
2952
2993
7358
8159
4166
7893
7899
7382
6007
5109
7242
7453
7436
6623
9857
10111
11584
9860
9387
8278
9831
9831
9735
8537
8303
11524
11647
4307
6813
7853
6191
3224
11262
8205
6094
7086
5435
6494
4684
10245
5858
6511
11086
7078
5840
6306
7156
2756
6116
6735
11635
3284
7153
8715
7726
4862
6234
4920
11540
6847
3354
2783
4710
5153
10168
10225
6763
7120
7119
3560
4161
6785
7717
7366
7892
7460
7277
6265
5380
6686
6745
3801
6392
6255
6293
6443
2402
2479
10716
10950
10669
3195
12560
7500
7412
2957
2918
7554
7559
7559
7559
7559
5384
5746
6719
11138
12394
4483
3766
4756
5093
3082
7311
3745
3700
4746
5570
8824
9985
6556
9784
5812
4878
5129
2484
3064
2834
3867
3463
6222
3393
5600
2436
4559
7442
5346
5022
7018
5062
4500
11648
10908
5400
6958
8913
3807
7786
5904
9683
8580
4213
7136
9352
9555
7669
8319
7521
7353
7194
9656
6537
7016
7165
3483
3911
8773
2217
2326
5103
5111
3760
5571
7367
6842
7452
4942
3621
3792
6472
6472
5730
6342
5187
12223
10177
3223
6006
2911
5776
6741
7405
7175
10924
11162
6829
7906
4956
6604
10310
6266
5968
5908
7131
6786
11600
9353
8046
8182
8396
8395
9415
8653
8230
7730
7697
7203
8426
4652
9228
3063
8332
3331
7020
7752
7986
8585
7923
10255
6819
6035
4812
4422
5865
7461
6587
8724
8327
1887
2401
3656
3517
3385
4620
4334
4137
6351
6888
6888
6888
11449
5749
9290
3993
3984
3912
4136
8643
8413
7007
12491
2850
3069
7819
4172
4640
4752
1908
3860
5984
6790
2702
10759
6692
9428
10364
9375
10353
2210
4800
3849
5348
6353
6421
6641
6001
5771
9304
7229
7517
3718
5903
5205
10524
5164
6201
4154
3924
5899
6569
9364
4792
5194
9574
3970
2504
4085
5167
5637
5175
7284
2558
6727
5735
3831
1761
6957
9114
3795
4938
7301
4185
4144
4733
5046
4741
4117
3899
4445
4777
4772
4348
6171
6804
7980
2314
4544
11590
9635
9247
11344
11590
7799
5360
3858
7327
3368
5582
3830
7308
7281
9088
7257
10619
7859
10758
7346
5481
5860
2902
3701
3733
3078
8928
7818
3239
6778
6760
11961
4260
5863
3467
6517
6595
3295
5455
4879
4987
3868
2231
1583
7746
7418
6258
1725
2307
7551
7472
7095
7235
4228
7189
3021
2731
2413
6420
12515
5105
5275
4364
6214
5710
4174
2906
2822
5622
2391
5467
6475
9573
6321
6656
2383
5379
7341
3886
2419
6509
3957
6447
4828
4562
6795
6341
9125
6636
7616
4080
9107
10078
9887
6615
7564
6473
6627
6473
4773
3075
3273
9126
6731
2928
11653
12027
6175
5648
2254
2964
9388
7914
11550
6603
3696
8031
10053
9688
8748
12432
12404
8639
4501
3200
2336
6974
7372
2881
4667
2240
2311
2917
2185
2696
4356
3004
4356
4079
2891
4585
5784
2147
5356
6225
4433
2017
1955
4575
2956
4774
3191
7606
6506
2851
5837
3211
2203
2199
9191
6311
7607
4939
2073
3489
5896
6671
3070
1758
5965
5528
5517
6072
8171
2139
5998
3341
5500
6230
6243
3962
4020
9604
10084
10279
9889
5927
3532
11077
6860
6860
6946
7224
6988
5411
10241
7476
7633
7633
5741
4895
1095
1217
1551
7498
7661
5401
2292
2255
2509
2200
6812
12158
12158
9078
1608
3313
2438
1544
11378
9060
9811
6165
6461
7183
2354
2725
3564
2607
6758
1858
6410
6772
5971
2796
3278
12176
6431
2363
2414
7381
4324
4591
4704
1291
1170
2319
2274
6880
1823
6140
2445
2294
6626
5642
4857
448
7049
6844
5797
7291
5589
9807
5541
2285
2599
5864
12579
12213
9472
9503
6303
1693
5829
5494
5829
4078
3833
9600
6851
2562
8008
3668
2209
1148
5279
2142
7312
7758
7703
7719
7721
7708
9545
7689
7957
7877
7685
7685
2377
2848
6499
10339
1376
7678
7542
7542
941
874
836
930
966
1029
1354
1063
931
1018
1138
466
905
1141
2216
2270
2404
1421
6479
1313
6759
6630
5234
4427
5450
7253
8002
6824
7041
7041
7121
8934
825
2161
12057
821
11314
6640
2023
2329
5958
12383
1011
868
2467
2207
6354
865
4218
3684
6821
8467
6776
7704
7612
1507
1406
5685
6250
6345
6489
1932
7712
7737
9192
6513
7031
7031
11997
2510
5763
2154
6868
3835
837
12526
3605
6283
1305
3147
12266
7333
7290
7710
1447
1338
1163
771
7083
7654
1321
4529
4353
6923
1067
6927
1085
993
4758
3131
12530
10963
10963
10534
9919
9703
10184
5709
7125
2385
4893
2179
2038
2190
2091
6366
999
5268
5764
5446
7302
2888
1219
6386
5567
1874
1568
2103
3336
2208
5599
2965
2691
7675
7675
2454
9633
11692
10988
3526
1415
1125
6936
486
2431
7563
3581
7087
6077
2946
4316
2152
2295
5787
2462
8092
3085
6433
6086
3419
2876
6147
7220
2979
11995
11995
4148
1241
6714
1696
7671
7671
620
1303
1280
6078
6555
5794
5794
5822
5820
5820
5820
7237
5115
3260
2223
1699
1787
2970
2066
2468
1215
1186
1128
835
489
1182
703
353
1474
79
3725
1265
5580
3572
2180
7025
8952
987
9457
1099
7286
852
7238
1224
8183
5429
6281
6737
6172
6529
6648
7463
11817
1520
5753
9527
1435
1120
2234
507
1825
3940
901
3099
3035
8211
7676
10625
10805
10625
10258
1169
11427
801
1123
12564
2428
5627
3359
5531
1882
2149
2471
517
2247
2258
1436
9879
7275
6137
4241
8228
1706
618
6091
3455
1410
4277
4118
5664
5664
585
7783
480
1007
30
1288
3464
3980
1061
7969
1060
847
7777
1380
1642
6702
10729
10729
1152
9520
8875
497
137
942
20
407
470
561
425
85
4982
4730
3183
586
4300
1172
88
768
732
1133
699
5952
1582
3601
3509
680
7527
10898
6534
5722
3148
4102
334
404
1914
1869
1306
6385
976
2317
5058
1151
1989
7190
6620
5057
4646
938
752
892
1044
761
3246
1752
3392
1084
1964
1390
1438
341
3356
1673
427
1463
1196
1458
1567
3122
10071
248
519
635
1727
7720
7720
6022
1272
1262
283
1851
6918
2055
2932
7763
7456
2980
2087
172
9177
124
70
6628
6647
6814
2761
7142
5551
232
296
10436
11443
9627
5188
434
7023
596
3049
10796
10974
654
59
727
1013
2487
132
4683
170
325
6005
6931
2328
1142
1754
344
221
188
810
396
2630
3020
416
329
84
1115
462
907
3487
1021
6767
1398
789
6915
949
2478
2427
2193
2160
155
992
10696
1910
7509
729
1404
1345
731
4616
7603
659
307
542
2403
6394
5561
5615
6228
5156
5552
6212
6190
2489
2084
2272
6466
1209
223
1381
9339
902
208
2506
2347
3681
444
1340
882
1202
720
935
715
600
3920
428
359
6573
6145
10423
12180
11519
9951
63
10179
449
1357
1401
1722
6060
6054
418
1370
1570
669
2867
816
2362
255
687
2476
547
1361
8633
6711
1048
921
1055
245
11798
8154
7687
843
7609
565
524
254
193
185
107
1002
859
7265
1139
1012
373
98
2085
352
377
267
643
1230
1331
1204
1094
6404
119
422
471
2831
96
12513
2823
1997
2122
2071
775
394
100
528
1237
785
1481
2029
829
12260
12429
7200
6983
787
7380
4490
2138
1893
2040
1956
6594
799
246
1336
1213
2115
6197
149
678
5203
1026
696
1968
6964
675
1283
1143
1441
4702
1628
1233
1821
306
121
1147
802
910
2870
12229
10535
12070
985
7552
6724
2263
9631
8650
8022
8100
8022
8454
399
7039
2309
781
387
111
19
2390
35
6967
386
1150
1437
970
1296
2313
1317
1387
962
1211
6248
2324
440
3113
358
1264
527
1088
66
1411
1703
162
5484
7230
1039
971
268
543
2612
2355
2690
134
452
109
392
508
2265
1024
370
31
516
2437
2013
472
1227
454
2960
368
989
549
1009
2640
671
691
1899
1036
315
37
68
760
6608
99
1235
1252
956
1924
11570
54
923
4653
2804
2600
908
14
340
950
638
3202
2250
2054
2143
1884
3478
2681
4842
520
560
1180
2861
1861
544
713
80
1020
745
1925
629
3449
1319
164
7228
6698
1185
7589
895
55
702
1106
152
1423
7391
2332
1352
1295
202
786
878
141
983
2899
379
741
1304
1179
1263
195
5872
1602
275
113
3152
2004
12111
3251
380
130
2
389
1947
7116
494
610
356
21
238
190
495
103
324
2032
590
6843
2257
1043
526
405
1491
10118
10283
2072
87
136
219
287
769
2577
1255
2302
1275
1198
493
681
505
82
562
812
509
1081
571
153
2233
81
310
263
127
360
256
294
1116
22
1349
51
2423
1189
7640
8184
7641
7642
7643
8289
8254
168
998
1432
189
623
1181
1165
73
574
481
122
996
674
44
6
1315
1377
529
564
1107
2065
2044
2260
464
4067
553
1510
851
316
200
6470
7515
6613
118
311
1285
409
642
990
469
2155
349
650
877
2442
914
3137
3644
5672
723
860
64
60
376
748
579
33
372
613
6445
250
994
4158
366
926
627
403
862
278
181
135
1121
1333
298
1
312
178
499
173
110
327
321
578
1546
1328
1017
228
191
3444
2183
933
2948
1310
257
894
500
6491
1332
488
1093
1388
552
2378
559
348
1427
537
830
814
477
290
339
205
733
192
74
506
3389
7130
194
216
402
2290
9586
764
721
854
815
1680
719
1371
913
12
367
204
328
634
928
3006
605
309
322
880
759
947
1297
1248
474
1177
2266
2356
1464
708
1901
1103
5492
2410
593
41
388
318
95
2376
749
463
1311
1350
916
7009
518
11463
11742
1022
247
6653
479
209
18
125
584
1329
445
1080
145
442
362
1171
215
1193
1242
884
7106
272
239
10399
420
304
1911
668
1445
1857
2252
6715
670
222
645
1214
347
616
490
1863
2450
1961
92
485
944
1238
105
133
410
413
783
11182
4618
809
140
179
11952
11466
147
171
651
15
94
251
148
271
65
384
762
556
937
393
351
423
459
13
707
3066
186
813
857
709
72
1087
558
615
774
24
252
492
468
438
1835
945
532
777
657
126
1409
626
604
323
207
17
742
369
280
285
476
636
139
589
551
523
1274
591
106
4071
580
1486
78
554
1741
1249
1836
960
58
922
28
714
569
381
430
11
432
601
724
226
1446
8570
8532
8571
8414
673
1355
658
1454
391
664
640
573
2113
870
581
218
1484
655
382
3285
2021
144
2996
754
4390
1572
6624
439
286
112
1493
855
32
3230
447
1279
38
738
2112
1254
740
426
2228
864
390
1417
525
2293
1412
3565
1347
233
277
3095
2547
2371
8542
3126
314
848
599
612
1983
11554
2060
1045
262
4891
1466
39
746
2219
5781
5963
5999
138
8
346
820
2108
1053
1992
1294
176
563
831
7320
706
7359
873
11258
711
385
1268
46
67
7209
7192
36
3731
441
25
1033
1089
828
203
1064
790
1096
417
1050
5644
458
1389
1253
364
224
602
116
652
924
1260
963
541
1068
23
467
763
1768
1891
2075
2134
1154
7003
108
371
2082
27
735
478
925
142
12314
660
300
697
199
3015
320
6864
10701
11507
515
273
184
557
693
1136
511
1592
2682
2164
57
1471
374
201
456
406
383
210
822
1637
1006
1092
1240
918
336
2744
798
159
77
473
421
345
1038
34
1091
363
2267
743
8518
8377
6020
29
11359
29
29
582
7525
424
123
2827
9751
7950
11504
11829
692
395
365
2729
728
166
4052
42
1494
236
83
281
592
157
243
330
3
302
570
266
824
242
400
548
415
3395
6138
89
101
637
317
1286
129
261
522
7873
397
1892
12164
26
2129
2130
2480
4267
1785
498
355
9433
9624
9885
11931
939
663
289
333
361
912
269
378
1433
846
1108
689
212
588
5985
6082
276
1581
2787
826
833
807
338
6320
401
450
793
1385
196
633
9381
93
2282
1008
6926
225
1443
955
979
3814
773
182
607
241
622
5938
198
206
988
1079
6811
534
6501
750
948
946
766
1153
337
7755
1886
6360
6061
12547
12547
9841
1019
475
5
375
1188
97
40
1974
102
9164
545
11857
158
653
56
4
597
1200
1041
1939
1201
1937
2244
6329
2056
876
120
5525
639
169
12282
1014
1065
1032
1028
1636
7485
429
465
1439
842
1149
688
1653
717
12331
1307
6010
1429
11616
2491
8153
1852
587
6095
1372
841
69
299
229
1375
115
1617
319
11371
1119
301
435
1015
906
718
411
1035
1246
2320
496
1040
603
644
163
408
1075
453
291
292
117
1394
1368
235
5839
1086
770
1470
50
1190
1027
270
1257
1395
2972
3839
747
1553
4527
767
313
900
419
6241
795
1210
433
3054
576
1191
1010
872
1097
817
1122
3124
4029
491
343
5779
5367
1403
1555
1358
1545
2045
2034
4340
3103
2815
2186
2089
1442
1504
1392
1140
932
1850
5285
1312
1468
1344
2426
2444
2439
3190
6273
350
183
1132
1023
3734
62
161
679
1854
1004
53
90
1049
510
455
647
608
1728
1051
3653
8767
784
249
197
293
595
237
154
16
91
538
667
1162
7883
3243
628
695
5509
7160
1069
2140
177
778
6667
1239
7
260
6597
1114
1873
577
6458
1430
308
690
2020
2374
568
128
61
279
1229
5791
2446
3204
716
567
953
2312
755
431
52
1374
1225
7348
961
533
1665
2379
5290
1539
1158
1245
2308
9881
4081
7530
1145
1386
264
1222
575
648
332
1885
890
977
1062
211
6865
114
1367
2334
886
1346
1379
1282
1298
625
1384
617
1098
1042
808
412
167
1000
609
5382
7656
513
75
2358
1173
3654
1402
661
1781
1759
888
9
71
2593
174
827
502
530
614
2187
6211
5403
1966
1485
665
7339
980
398
8964
2592
1226
11475
806
156
2196
3677
1174
756
8968
2382
879
6427
535
725
1695
2281
1488
146
504
2517
897
484
335
649
1267
3817
5941
4288
1322
7870
730
1900
2167
1422
1452
1694
686
1290
2863
6469
2148
6121
1111
258
1259
1236
7369
514
1601
6585
2396
684
737
1497
1070
414
1047
1269
274
2520
104
936
1212
4539
131
4852
2218
3241
3288
3316
630
2212
4395
2930
3714
4175
3672
4057
4315
3905
1751
3765
2465
4049
3311
1478
1155
677
1418
1732
6742
143
540
1847
2638
1057
512
3000
2205
2367
1883
1405
712
2181
700
772
744
676
694
1276
10433
531
1159
2224
2279
6654
611
12280
10786
2412
757
4723
43
858
3358
957
259
840
3877
4426
3925
3587
1407
2497
6852
2276
2905
792
4089
2173
2007
47
180
631
521
1878
9611
972
1216
1811
861
6356
10829
1341
8302
550
2455
1258
4814
2337
6229
967
2350
2145
2388
1199
546
704
461
797
594
1952
5572
751
2278
1831
5696
1129
7973
11869
1244
3121
253
1687
1076
940
1037
175
76
187
10798
1931
1902
214
1278
1073
1071
1083
86
968
796
2858
1397
765
7244
5918
5768
295
2416
6723
1176
8005
2159
995
753
943
482
284
451
1293
1896
1960
9902
9342
1058
2963
1946
6519
7579
2951
265
915
2227
2096
666
1160
7874
4206
8524
1940
483
952
1324
1323
1195
1647
2104
1110
1025
4532
1712
1982
5558
5581
5603
991
800
2896
49
1995
3305
3400
297
871
1112
1365
7101
6976
6897
539
151
1353
904
1414
1231
10
1104
1487
1465
1591
1348
1604
227
2194
5884
5847
5890
736
3303
230
844
2458
2133
10664
10802
354
536
2386
1993
1865
973
1326
1760
2083
6098
698
1342
1578
2349
326
839
1393
867
1016
986
1301
2010
331
1605
1220
7027
6544
10058
9619
909
487
856
8504
8026
8246
1717
1634
4336
6694
1351
2828
217
975
1205
1054
1074
213
1784
4457
887
776
1356
45
911
701
632
7806
1059
1308
2012
2168
2283
2790
6955
2647
2687
2782
1967
1456
1515
981
1559
1664
2688
1426
2076
1822
1809
1790
1700
1807
1716
1774
1704
1757
1640
1641
2275
1619
1684
5044
1672
2150
6939
2344
2030
1990
4465
1175
6200
782
12295
1530
1428
501
1609
997
9474
11957
11925
7094
863
2727
1848
7181
6136
6136
6136
6838
984
1102
150
555
1243
619
7889
1135
1621
6418
4897
1625
965
7197
1343
1819
457
805
6514
9297
1373
834
4082
4105
1671
2053
2050
1833
4664
1400
7480
7201
7105
5284
2090
1786
958
1978
819
1595
583
739
6981
1866
3333
3164
3427
2106
1611
165
443
2041
5180
1543
2117
1876
6161
2310
4038
6398
1512
1270
2473
2810
1360
2063
1938
1839
1472
4855
6387
672
2077
1479
2303
1648
5296
2120
7362
7548
4596
1130
1228
1273
1005
2253
1157
2241
1724
1335
2903
3550
4419
4597
1206
1449
1923
2264
1827
231
6295
1639
2406
2353
2027
5980
5422
3376
885
1166
2448
2449
2531
1739
4165
5593
7032
4149
5089
1299
1052
1814
2443
2170
7636
12411
2235
240
6954
7104
6938
4001
1802
1832
2062
3691
2597
1856
1867
1788
2288
1996
1909
1976
2300
1805
1721
1740
1755
6451
1416
1772
964
2425
437
2119
1815
2052
2277
1845
1100
2128
2321
818
244
853
2268
1928
951
804
5807
898
1654
2126
2174
6233
891
5680
1813
1624
2221
2068
1615
1419
1444
5871
5671
5595
3309
7416
1046
1662
845
160
7054
2836
6949
4807
5375
6536
1650
1778
978
1808
2420
5930
5930
305
974
2818
621
5566
7331
342
849
1765
3602
1584
1734
1577
1750
1714
1930
1146
866
1894
1972
1719
1603
7285
7285
1556
1535
1691
2201
1519
2101
2110
48
460
682
1552
1708
1168
2237
2298
1192
2211
1557
4186
5079
1548
1991
1705
1838
3780
685
850
920
1534
929
646
2395
641
234
606
823
1668
1898
1590
1709
1518
2003
1918
1747
1769
2070
2944
2973
2940
2536
6332
1266
1875
2342
1954
1524
1538
1661
881
1573
2304
1554
1506
1533
1616
1109
2908
1565
1618
2088
1526
1532
1926
446
2603
811
5978
6068
1965
7273
1167
1156
934
2051
2513
1912
883
1796
1540
2447
1480
3007
3128
598
624
6601
1735
2132
9271
2042
1985
1775
5573
1001
1101
1678
1137
2296
1629
1780
1431
2059
2169
1903
2213
4546
357
6502
2967
3065
1434
1563
1271
1645
1382
5578
2081
7421
1256
1325
1330
1531
1610
1905
2407
5190
788
11629
10736
917
1670
6437
5535
4630
1957
2215
832
11087
1917
7066
2232
1745
2176
1082
6708
2238
2361
1523
3573
1587
779
6336
10978
656
1638
6177
7270
220
683
6516
1830
1730
1895
1783
1589
734
11152
1144
1207
1682
6009
2002
1649
1566
7639
7400
7469
7062
7963
1413
1666
7146
2156
1843
1773
1753
1771
1793
1066
9946
5319
1247
1131
6783
503
1951
1984
1987
1762
2014
969
1632
5950
6755
2330
2124
1513
1597
2198
959
6787
6442
1366
2204
2047
282
4250
3377
2098
7538
2331
1656
6527
1779
1692
1635
1669
2001
5640
1560
1550
2909
1580
1549
2031
1737
1334
1363
1113
1622
1627
2141
2058
4150
2271
1124
2289
1791
2335
758
6271
1777
6406
869
566
5653
5873
5634
1462
5944
11376
11437
11732
3505
5679
5152
5684
4095
3820
2584
4606
2798
5516
5524
5436
4191
1879
1034
726
6584
1218
303
1105
1187
1164
2109
791
3530
9829
10107
1798
7793
7740
1467
1767
2118
1829
1731
2256
1575
889
1877
1339
2105
2297
2415
2415
2043
1970
7056
2092
5418
803
2397
1440
1685
9878
2524
4679
3861
2116
1327
2249
3790
3797
3373
3592
2493
4046
5937
2069
1676
1503
662
1391
3892
1697
12311
1962
1383
1251
1855
1710
2325
1126
1599
6816
1922
5037
705
1973
4951
7323
1562
1408
3679
11557
12378
11501
1184
1250
1399
7743
1134
4389
3320
9823
1770
2315
1316
1078
1287
6744
5568
6596
2470
5689
4152
4882
5811
7410
794
10721
2049
3286
4973
2048
2291
4460
2273
2094
896
6361
1529
1118
6213
1261
1072
1056
1090
893
288
927
1221
1284
1302
899
903
1117
1003
875
1234
1077
1030
1208
919
954
1223
838
572
1194
722
780
1337
1197
710
982
1232
1203
2015
2343
1949
1936
1766
5428
1840
2074
10413
1475
2333
2102
2067
2197
6478
5959
1890
6833
6532
12200
2766
8582
7965
8018
8058
7988
8468
9559
3430
1309
7970
7739
5272
2061
2408
2943
3943
4065
3642
1492
1289
1633
3485
2026
6280
4638
4568
4282
2516
1031
1127
1450
1981
1948
2432
2035
2024
7057
4461
2464
1643
1677
1623
2222
1927
1364
1742
6244
1453
4310
4314
1841
1904
2551
2301
7097
1812
1161
6279
5846
5169
3053
1748
2018
4790
2318
2230
1907
5413
3965
6455
6150
3736
1776
2322
7024
1828
2229
5808
6090
6105
12481
12481
2262
4799
1667
1505
1508
1502
6209
6318
2661
5700
12416
12391
12391
12416
11165
11060
12485
12391
1746
1826
6994
5994
5547
6052
5990
1871
1749
4626
6063
1880
3205
2269
6551
11813
8849
8849
7076
6764
10533
10459
11871
12462
5363
1789
6103
6123
1994
6670
5850
7440
6800
2151
6430
7625
6187
2507
2451
1541
1318
7839
4214
5137
4537
2107
1596
1498
1525
1834
1496
12154
6526
6390
6985
1941
2875
1842
2191
1862
2144
2284
4021
1571
1500
1527
1564
3721
1689
1521
1561
1933
1569
2485
1977
2016
1663
6943
2809
2869
5666
2246
1651
11051
2137
2078
2057
1872
1715
1420
1733
2100
2165
1281
1999
1998
5889
11213
11780
1607
1576
1514
3794
2146
6635
6282
2245
1729
9558
9558
3954
7134
6621
1359
7184
7672
1726
7795
7795
5670
6546
6275
5530
5659
4421
6784
1509
1846
1483
6391
2236
11884
10469
9292
1655
5463
11057
8938
6059
5409
2894
5122
2121
5577
5783
1378
10586
1594
2359
10019
7731
2825
5512
2080
1683
5217
11515
12109
2856
1320
2435
1489
1473
5281
4846
4811
3466
1971
7168
1698
1547
1314
2340
2751
2755
3438
8323
6149
6372
1738
7217
1620
1950
7810
3934
7272
12084
11523
12227
10672
8972
12227
9165
8979
8758
4167
8899
2000
7185
1600
7446
5402
5183
6700
2511
1517
1476
1499
1477
1516
5261
1959
1945
6899
1659
1720
6195
4294
4868
6334
2369
4286
2719
2808
6510
1870
7107
1495
3815
9947
9947
6898
1528
5956
1744
1558
9475
1614
1681
12010
7133
6894
7256
7630
7330
7264
7342
4198
3961
1579
1183
3343
4766
11923
4187
6237
6348
6575
3951
6112
2799
3894
3763
3958
1396
2676
2171
1897
1277
2064
1736
5921
4805
4785
3329
1606
1362
6652
5788
7075
1881
1763
2430
2011
5415
10913
5471
2162
4264
7111
7349
1537
10122
1944
2429
3381
6809
6462
5523
2346
7211
4958
4405
1598
3542
5947
4220
7357
6798
1511
6660
6921
6941
6680
1178
2549
1986
3134
3863
3719
3667
2178
11188
6521
2976
9733
11710
10600
12431
2605
3969
1469
6236
5438
5024
5147
6031
5182
5173
10300
3744
4032
10691
2166
2033
1860
5849
5849
5849
2469
4180
6746
3411
3374
5318
1369
1482
1425
6017
7699
5050
2202
5128
3326
1764
2287
4407
2674
1644
1942
5007
5174
6663
7151
2299
6044
5110
5002
3869
4695
7595
9659
9674
11868
5034
3441
4599
1853
1849
3709
10819
2111
4869
5065
5866
6836
6256
1424
4318
4182
2686
2708
2659
6547
2830
3264
2008
1979
10797
10797
7459
1702
6992
1593
2123
12275
6738
7037
12039
12039
10052
3618
8856
9178
8922
5090
7004
6245
1975
4189
5158
7122
6739
2214
5915
7388
4060
3420
12277
6533
6581
9886
2251
2357
2692
1574
6619
6131
2188
11115
1455
4372
7047
1782
6677
11345
1457
1459
1448
2037
9393
2384
1585
11505
6571
1588
7205
4371
1612
2345
1799
10915
2280
4193
5675
2323
1522
7370
1679
2131
10857
8480
1536
2566
10173
5718
1300
6876
7423
7252
6574
7213
8651
5023
10144
10385
1816
6606
2135
6170
6775
5214
6839
4908
3367
6831
9685
9614
8956
2195
3014
1701
1919
2028
1818
5886
1980
1969
2157
2338
6706
7468
6733
6074
6659
1292
436
2136
2352
1817
2097
2079
2919
2316
2095
1613
1888
6215
11351
6160
6119
8126
10590
3552
1806
6520
1631
6828
4048
10128
6523
6484
7574
6148
10224
1824
6185
7466
2125
3939
1801
7448
1461
1490
1501
12205
5841
1868
6308
5736
5817
12072
9953
5962
2036
2368
4374
1451
1460
6288
2477
6740
4992
1690
2009
1657
1756
1988
2006
1675
2114
3852
5922
2348
2417
5421
6598
6712
6064
5448
7038
6037
6887
1800
6732
5306
1797
1630
3357
2184
4573
2400
4744
4884
5691
1660
6837
7347
5533
1864
6359
5083
3976
2177
4338
4360
4550
2664
6944
6721
1844
1963
10113
6658
11552
5949
4248
3859
4124
11296
2225
6695
1820
7553
10969
6678
5613
7340
5213
6042
5928
8984
9785
3525
2351
6264
2046
5266
5919
5919
1713
1711
10954
2306
2175
2226
1542
2182
6339
3394
7428
1920
5098
6808
1803
2239
3012
6471
5912
1795
1658
1646
1921
3267
10191
5836
4327
11469
10417
11418
8466
8848
8462
2022
2890
2411
2975
2405
2364
2261
2327
5677
6892
6689
6689
10301
12246
1718
2039
2370
2220
2163
2093
2192
2243
6655
7650
4404
9097
4026
8561
2463
5097
5476
6292
8794
6468
5224
7532
4577
5254
4601
5005
3557
6412
5126
2153
2738
9487
8988
8803
9787
8988
10811
10278
5560
5647
5900
6133
6417
4926
4655
5633
6107
6038
5423
7798
7836
6454
6124
6441
4768
1686
4200
3915
6483
6409
6409
6616
6409
6483
6616
6409
1810
8091
6101
6457
4612
2189
2172
4520
4492
4261
4203
3798
5559
6942
7191
10205
10205
9083
9083
9723
5442
5417
5220
5229
5758
5761
5461
5459
3577
6242
5553
11865
9853
5650
6291
4351
1674
5172
7171
1935
1626
5119
6497
6238
6254
5716
6434
4145
4140
7384
2206
6350
5910
8691
8424
8486
11457
12344
9400
9085
9085
9085
8976
8976
8976
9017
12009
4424
11291
2373
2365
5371
5075
6051
6850
5608
1934
1792
4847
4414
4343
4439
4999
5911
7557
5291
5576
6036
2259
6045
1953
6096
4753
5472
7668
5796
5199
11638
4292
11020
7069
6580
5901
9476
4208
6153
6629
4921
6251
5334
3803
2422
2127
5905
6085
2475
2474
2424
12500
7298
11823
4549
4133
1859
1794
7507
4437
4569
4877
4075
4742
3936
5286
5242
4511
4923
5060
5407
3941
3908
3774
3927
3590
4126
3979
5140
4950
5598
5160
8613
7250
7195
6495
6675
4132
4498
4113
4556
4831
5013
4505
4270
4192
4930
1916
8879
6507
5695
6324
5366
6389
1958
3999
4839
4856
4410
5485
2305
2286
6194
3494
6331
3923
5479
5390
5733
6196
6665
7029
6617
6278
4832
6614
5995
6075
6477
7001
5742
5042
4782
10088
2019
1943
1837
6268
3569
11166
10570
6050
4864
1743
4365
6315
7046
3165
7736
6040
12556
5874
2459
5349
6853
5478
5625
7063
4885
6650
6951
2086
5470
6990
6910
3755
3604
5936
5885
4621
4677
4613
4330
4234
4199
4116
4098
4112
4115
4219
4968
12335
6914
5537
5548
6208
5353
5785
6073
1906
1913
1652
2601
2785
6781
6631
7691
6426
6004
3297
4358
5518
6750
6854
5227
6467
3008
4674
4722
4627
5020
6805
3740
8381
4698
4731
4685
3747
11335
5824
12417
12159
4896
6925
1723
5168
6158
11236
10532
5713
12319
5563
5755
5876
3921
7872
6862
6773
6995
7092
7408
1707
5997
5997
2158
1929
1804
1889
1915
2099
1688
2005
1586
2025
5501
7021
4925
4928
6661
6300
3664
3680
2606
2646
2651
11680
11650
5255
3308
5486
5184
7033
5489
5294
4929
3299
3138
3166
3181
3167
5241
5029
5465
4940
5289
5231
7334
5084
10506
6485
5920
3293
3371
3271
3865
5399
5419
6423
6198
6440
3344
3199
5699
6498
5388
6219
3919
5250
3610
5207
4552
6856
3156
3171
4092
4063
3995
6378
4643
9267
4727
3857
4659
4523
5800
7824
4953
7161
11369
10560
9805
12108
10236
11628
5491
5881
7143
7258
3907
11426
7683
5731
6166
7053
6277
4530
5778
9929
12387
3596
3578
3722
5775
3767
5377
5569
4555
7526
2733
2711
5948
6550
4590
4357
5772
5773
4660
4506
4153
4319
4994
10921
3932
5053
3220
6396
6452
4043
3928
6062
5339
11158
4718
6867
7792
4281
6766
3372
5498
5350
4491
4242
4910
8232
4966
4949
12211
4838
9582
9451
6996
4759
4497
4479
4749
6127
4883
6380
6525
12496
5748
4436
6344
3547
3562
3351
3622
3417
3237
3269
3002
2997
3032
3045
3175
3172
6668
3146
3194
3247
4836
3528
12078
3105
4901
5765
3158
5130
7663
5040
3214
3323
4442
4499
5135
3310
3231
11117
12209
10512
5051
4850
6419
5656
6260
4037
10171
7060
7060
4283
4230
8108
5732
3153
3401
6907
6593
6583
3275
3968
4560
5951
4861
4045
4428
5655
6482
4676
7680
5907
5116
4615
4068
4477
5298
4486
4309
5534
4317
4147
4202
4737
4163
4090
4417
4086
4700
4066
4073
4160
4898
6364
5198
4056
4053
4675
7022
3176
6373
5475
5344
4375
5744
7445
3196
4034
6025
6047
11421
7454
6174
10926
4906
5134
4564
5697
4403
5688
6014
6674
6972
3160
4705
4662
4570
3783
5583
4789
8439
8686
3013
4369
4254
5424
4726
4714
3229
4238
4125
4841
3262
4024
5239
7653
4631
8356
5076
6224
10474
5033
4729
2381
2341
10100
8073
6333
5177
2242
5842
6079
4784
4493
4614
4719
5544
5011
5645
5094
4212
4666
3353
6450
5690
4010
6770
5596
6049
5591
6362
5387
6769
3874
3600
3726
3880
6304
6262
3559
4444
4454
7439
5345
4301
4256
5747
10785
4536
4663
4108
6069
6193
6962
4322
11338
11391
11394
12190
12190
11218
10698
4326
5683
4867
6327
11097
11097
3144
3956
4169
5852
5550
5805
5929
6622
11659
11156
3186
5441
3676
4711
5408
5522
5973
4571
4735
4971
6337
5891
5249
5831
2452
2360
7865
9012
3017
4848
10832
10140
12395
10832
10140
11843
12447
8139
4141
4047
4084
5756
5806
4184
4146
3713
3599
3473
3558
6111
3088
4650
6388
5212
4833
5539
6132
10268
6693
3340
3595
5018
4874
6890
5141
4429
4392
5410
3575
4262
4793
4025
12138
12373
3452
4916
7019
4296
4721
6803
3720
5039
5395
4363
4352
5542
5025
6182
6109
9378
9378
10124
4489
4509
4873
3686
6114
4642
6048
6053
5555
5587
6024
5632
7212
3314
4975
4593
2529
6019
5989
4697
10035
10987
9127
5216
5816
4732
3048
6895
4802
4313
6515
4961
3086
4335
5139
5740
5740
6247
10492
4531
10901
4018
4649
4708
3785
3632
11040
4625
11343
4443
11815
3114
3022
6181
4122
4164
5372
12479
3752
4849
4713
2679
5674
5003
2862
3895
2723
2543
2672
2654
4977
6743
3098
9687
4993
4521
4120
4003
4123
4345
10848
6697
7114
5843
5321
5777
4944
4453
5532
4272
7099
7099
3135
3178
5609
5474
7310
7598
7598
8200
3174
4519
6296
6335
5171
4927
5329
3039
2874
2884
5015
3332
3769
4644
5579
4062
6013
5304
2849
6343
3593
6841
5027
3531
4096
6192
5821
3846
2730
5619
4665
5074
4825
5770
7387
8244
5196
4656
8484
8458
4584
4681
5611
4347
4763
3294
5038
4817
5081
4350
7550
4551
4423
5854
2375
4598
6202
4633
4671
4829
5195
4661
4100
4699
6961
4583
7261
6503
3876
5061
5145
3675
3757
4578
4567
11621
12018
11479
5222
4835
6018
5443
3651
5368
4703
4311
4716
4055
3998
4344
2710
3094
5310
5240
4434
3512
3459
6122
4009
3197
3439
4786
3177
5917
3337
4438
3537
3255
12141
9839
3283
6340
9934
3378
3342
11169
5210
4188
9026
7040
2793
5123
6301
4890
4680
5828
4236
3793
5503
3212
4996
4346
4337
7135
3434
5504
7725
7725
4468
3413
4459
4693
4069
4093
4795
4233
4099
4611
4284
4333
4076
6637
4044
4289
4207
4039
4176
4227
4448
4370
4463
4880
4291
4919
4077
4947
4331
3040
2935
2877
9452
2962
6676
6676
11144
11872
3221
2835
3556
3031
6189
3873
3619
3682
6683
5499
4943
3988
6328
7206
3451
4980
3362
12055
4243
4235
5815
7309
7309
3828
3090
2758
4553
4446
4204
3983
4229
4103
4173
4321
4470
4373
4107
4177
6399
6399
2813
4589
10865
10333
7098
4271
12489
3580
3825
6115
2670
3544
6545
2871
2889
3198
3025
4658
4496
4914
4757
5391
4558
4545
4381
4359
6788
3257
3616
2936
3643
3300
3628
3301
5694
5946
3989
3163
4416
4402
5880
4819
3120
3582
5981
5309
4628
4572
4295
3396
2883
2776
2794
10157
3633
2732
2678
3518
7898
7841
3576
7882
2982
4237
3328
4059
4648
4354
4354
6290
5660
12015
12444
5292
6039
6393
2865
2941
5678
4725
3129
6216
5511
4815
4859
7232
7232
6871
6881
6307
7141
2675
5602
4516
4488
4231
5343
5612
4602
7102
2641
2620
2617
4535
6246
4533
3986
5327
5263
4754
6117
2950
2968
5449
5252
3306
2994
3759
5510
3100
3210
4252
5091
5148
2644
4280
3421
3001
4629
3254
4574
5924
3240
3250
2636
2737
7068
4253
2629
3238
5844
3029
3322
3161
4796
6011
3051
3232
5623
2586
5628
5687
4216
2784
2564
2542
3318
2574
2879
2683
2503
2791
2585
2811
5283
3052
2602
3566
5251
4978
4935
11409
3768
4325
4634
5556
6118
4686
3539
5325
5545
3903
3926
3942
3662
3151
7055
7055
2569
2525
2571
2842
4609
5393
4156
4217
2591
6542
5701
4245
4860
3706
2748
2742
2637
6796
12307
2576
5641
4743
2981
4764
4408
4106
4232
4657
11535
11535
11535
11828
11828
11041
6377
5397
4303
4507
4964
5754
5340
5562
2643
2947
3107
5127
2624
3033
5221
4244
5307
2649
2726
4298
3184
3930
3893
4813
5378
2645
2989
6524
2779
4473
7112
5335
4635
4205
12274
4472
5682
6553
4952
2838
2852
5078
11860
3567
5333
4750
10833
4142
2807
5979
9806
9007
10813
12537
10018
4747
4263
3841
6384
4396
3398
6505
4755
5477
3416
4383
3751
6713
3535
3350
3520
3397
3307
3534
4809
10010
5469
2969
2655
6774
2855
3104
2846
2736
2775
3169
3588
3546
6753
4355
5546
5238
2685
5426
5055
2829
5373
6840
4114
4179
2393
2441
5244
4918
4240
4889
3661
4770
5444
4398
4435
7414
5966
4941
5041
5100
3840
2892
12236
12096
11003
12461
5513
3669
2934
3364
3519
4990
3773
4366
6618
9288
9592
10503
5440
4386
5095
5381
3315
5452
3503
4449
5085
5681
3454
2677
2539
5557
6130
8059
6371
7614
7583
4017
2550
3433
2568
2658
12531
4302
4480
5276
5121
4600
3991
4876
3215
3189
4514
3948
2561
5257
5108
2991
4484
4541
4339
4466
3118
2868
2653
4985
5305
3382
6141
4401
3837
3847
7724
6578
6376
4806
2740
5136
4430
3854
5143
3959
4181
7389
3829
5271
3883
5159
2844
2857
4547
2925
4215
5383
5202
4557
4119
3875
3716
10502
11094
5855
5606
3708
2984
2778
3226
6903
2910
5425
3291
2697
8169
4794
4797
4013
4111
7999
4818
4872
4682
5663
6015
5107
6582
4604
3683
4456
2588
2578
3046
2977
3695
6504
5673
5497
2595
5146
4329
4455
3660
7288
7251
4467
5859
3826
5001
4687
7147
4450
4471
5939
3931
4266
3298
5630
4418
4320
7138
3762
3971
3705
3259
2693
2610
2622
5665
4341
2797
2720
4143
5932
5585
2803
6146
5439
5243
8004
5267
5832
5810
4432
4579
3383
3450
10549
2841
2716
5851
3206
3047
2665
3072
2812
6893
5010
5621
5574
2992
5357
6512
5431
4378
4388
4931
3428
5185
4121
6286
2922
4279
3116
2901
3112
5248
2923
6832
3108
3778
3864
5720
5457
4586
3739
4903
4738
6207
4892
4871
4587
5026
3044
2532
2598
5976
6403
5745
5760
5515
3234
5793
5974
4688
4312
3409
6669
5166
4508
2409
2392
4641
7623
2556
3791
3692
9615
2759
2721
4804
4000
6975
2772
5878
7118
2575
2398
2582
2639
2673
4690
2530
2399
3813
2541
4328
3092
2985
2668
2642
2538
2548
2741
2540
2614
3185
2805
4637
2535
2942
3522
3689
2656
8269
5782
2788
11341
2609
3469
4724
5043
3615
4022
10488
9440
10387
2389
2717
9675
5328
2618
2483
2490
2498
3527
3823
2500
2760
2534
3077
3225
4654
2537
3703
2512
2821
2768
2481
3106
3097
6991
2553
2502
2496
2633
7902
2533
2505
2587
2440
2492
2837
2650
3652
3057
2501
2488
2555
3492
2494
3650
2631
2486
2514
2706
7990
2764
3109
3180
5767
3881
5487
2596
5526
2635
4168
7383
2769
2707
2466
2453
2781
12306
4781
4762
5088
2623
2546
2581
2840
5739
2563
4582
4035
4810
4561
3816
3162
3715
5887
5945
2523
2945
4361
2418
2590
2573
2567
2552
3068
5657
5361
5228
5430
10216
6129
5629
5466
2669
2560
2700
4526
2499
2519
6415
2608
3142
2824
5987
6210
4138
2767
2987
3788
6162
6263
2604
2572
3663
3784
3707
11888
2248
2718
5277
5052
6703
6314
10198
6267
5819
7343
2795
5482
7158
4720
6249
3513
2619
2735
6087
2626
6459
6411
6886
6226
5322
3533
5508
4745
5246
4622
4476
4787
9204
4909
6016
3571
3548
2734
5669
3974
6414
4851
3890
2666
2680
2495
2515
7355
5406
5165
4824
2527
4967
2921
4504
3646
6274
5208
11794
6558
11509
11924
5527
3415
3499
2839
5317
4834
3089
2703
5616
6093
3772
3504
2752
5131
4362
5964
8825
2753
3067
7322
7322
4988
3349
4478
9189
8619
3608
3543
4275
4195
2694
4074
4837
7061
7592
3887
3412
5729
4251
5082
3770
3583
3585
3470
7816
5473
7329
3775
4696
2757
11026
5712
3440
3626
3471
3636
4129
3591
3036
5144
3488
3536
3950
5273
5804
5264
2667
2663
5464
4933
5893
2698
2648
3730
3901
4959
4127
4058
3879
6561
6646
3168
3188
2660
7673
4997
4673
2953
11885
3515
3458
5825
6875
3746
6232
5759
2684
3554
6432
11476
3274
3228
3612
7785
6330
2971
2873
2461
2897
2826
2814
4224
3005
2958
5692
3929
4946
4475
6439
5351
2860
2724
4692
4728
5635
2765
5909
4104
4645
2545
2616
2583
2372
2366
3781
4487
10614
5358
3872
3955
3712
3724
4290
5316
6003
3855
3728
3741
3822
3889
4400
5766
5654
5639
5717
5132
3824
3832
2907
8064
10267
5069
5565
3143
5610
3674
3918
3851
3786
2621
5315
4091
9757
10155
3756
3244
3748
3723
3203
3193
2819
2777
5280
3777
5282
5223
3235
7808
3737
6425
3909
2959
5118
3673
5750
4027
3782
3946
4736
6448
6448
6684
6872
3888
6163
2802
4948
5178
5326
2689
9070
9467
10375
5814
5000
6557
4495
3764
3711
3405
3076
3366
2745
3620
5507
5823
2712
2699
6235
4269
4087
5049
7437
11988
3060
3061
4912
2895
2886
5256
5875
5480
2739
3754
2704
3010
2565
4905
5270
7233
5977
4273
4823
4406
5705
3268
4452
2929
2433
10349
10704
10349
10704
3265
7269
8949
2714
2916
10263
8785
4651
5278
4639
4709
6128
6176
6231
11615
5287
6276
4907
11336
8815
11834
5719
6305
5427
4707
4954
6861
5352
4265
4054
6576
5215
6518
3990
6460
3233
6930
6830
2789
12100
12128
12100
4960
8000
3551
7292
7193
10904
3141
5723
3321
3282
6294
3038
3914
4088
3871
7520
5992
7645
3735
6289
6317
6866
7179
6952
5232
4870
5066
3248
6779
3408
3387
3563
3635
4863
2627
2627
4865
7706
4332
6041
4512
4986
3574
5181
3818
3529
3545
3609
3693
3277
4128
4843
3688
3625
4377
4440
6113
4297
6801
3944
7863
3388
5009
4981
5725
4588
3594
3410
3843
3647
4808
9564
4209
5117
5162
5102
3073
5045
6610
3173
3130
3870
3453
3844
2974
4581
3743
6099
5226
5643
4502
3938
4761
3975
5120
5133
5106
5703
3758
3842
3482
3827
6179
5017
3432
3987
3804
6792
6846
5071
7679
6347
7231
7297
5861
4382
3678
3853
6487
4458
2701
4765
4393
4097
3606
3665
3227
3898
3617
4170
4748
4844
3933
11679
2746
7997
5607
4510
6382
4580
3150
11331
11280
11547
12486
10337
11331
9607
10021
10146
10231
12262
11400
4247
3493
3059
3497
3249
3263
2843
3348
2949
3096
3110
3155
3132
3170
3159
3500
3034
2762
2579
8056
7829
2508
2518
3062
5483
5488
5870
8719
11588
9792
9662
3952
3964
4788
4494
4524
5230
3838
3457
4525
3380
3897
4740
4041
3637
3607
7486
7477
2961
2754
3125
3157
3187
3119
3139
3287
7159
7093
3771
6032
6065
4178
4887
4221
4110
5420
5104
5538
5458
6058
4886
3649
5614
3475
7170
5012
5056
5016
5019
5032
5059
5536
4385
4915
4822
11347
3982
4308
4306
5594
5826
4415
4798
5676
4617
4162
4379
4051
4249
4678
5862
4134
4190
9124
3461
3423
3627
3906
6422
6870
5969
10964
5176
5077
5529
12518
4412
5150
3570
5737
6997
3729
12460
7187
7417
5652
10481
3486
3657
4226
3425
3490
4894
5447
5067
4183
4962
4451
9463
9340
11219
10966
11393
12085
11329
12450
11657
10228
10228
8709
11093
10511
10511
8709
8709
11093
11093
12256
9872
9872
8507
8575
9079
11844
9330
6429
10695
9023
9389
12318
8512
10712
9417
8969
8721
10821
6688
6325
6326
5323
11005
10060
10189
8781
8104
7688
5206
10136
9320
6568
6567
5495
6413
10461
6818
11021
6203
9632
9840
10694
11525
9244
10703
10243
8568
6349
11494
10476
7048
8352
5726
6531
7113
10169
9941
7317
10193
8372
6657
7682
6716
9957
8931
6186
6156
5311
6799
5398
8885
4936
6043
7754
11486
11510
11486
11708
8335
9479
11531
5898
4632
5957
7939
8614
6889
9419
10219
6369
10346
10828
8894
5988
6896
6911
4469
5897
4566
5008
4367
4712
4101
4779
5201
5014
4917
4734
4991
5636
8527
8903
7218
7052
7325
5970
11678
4965
7667
4002
5064
3922
3641
3972
7895
4028
7223
3698
3845
3917
3702
5818
5888
4431
3213
5953
3630
8850
5125
4420
3523
3639
12221
10562
3549
5934
4701
3603
3598
11758
3732
4623
5786
5786
3800
3279
3540
3624
3697
3985
8391
4875
2898
7035
7103
3446
3960
3878
3902
5300
4821
4482
4342
4464
4791
3862
4447
3761
5404
4042
3365
2999
3018
5605
5336
6789
5247
8397
4636
3738
4776
4830
3406
3370
3479
3023
4094
9295
3685
9275
3659
3521
3514
3296
3477
3666
3426
3028
5434
10486
4222
5211
3009
3016
2912
2915
6722
5101
3429
4780
3346
3327
4739
12480
12170
12488
11833
4007
4563
3502
3498
3614
3916
11627
4767
3611
3042
5743
5297
5303
3270
3501
8275
8908
3579
4972
3973
3538
3508
4397
3399
3561
3638
3645
5715
5702
6696
4462
12083
8491
4006
10328
10074
4989
3083
4691
4211
3445
3418
3516
3384
3836
4223
6089
11690
4474
5028
5047
4287
11470
4040
4201
3848
12175
7222
7280
6709
6644
6644
5030
4391
6496
3997
3910
3799
3750
9217
4983
6218
4278
6902
6563
4503
3819
2887
2521
5235
12075
5299
5370
3891
4425
4608
12124
5087
11397
5035
4924
4801
5113
7371
4299
4255
3947
4963
4293
4050
5341
11399
5392
5155
4706
11033
8792
8608
5925
7936
7354
4554
4542
4565
4023
6030
5320
10673
5354
10207
12357
5301
5265
5892
8991
5364
5704
5693
5983
4594
6908
6607
6673
8549
6252
7166
6253
7166
4932
10706
6989
6034
3192
11362
11609
9291
8116
9040
7886
5154
7271
11728
11413
9549
9334
9278
12204
6142
5386
4760
8273
5385
2380
2394
2743
5521
5618
5314
3856
4394
9439
5845
10232
6067
6104
6221
5982
8597
6057
5869
5124
6046
6108
4902
5293
4064
11932
5204
4276
6407
6549
4820
12358
3145
6438
11716
3613
3431
5468
5882
4888
5667
5834
5795
6135
5149
5288
6134
6638
9623
9891
9623
5506
11425
6940
5954
7852
7045
5975
5993
6027
6488
5943
7457
11116
8551
8551
7987
6071
11192
9341
12023
6178
6178
7981
6081
6070
6023
7912
6028
6028
6033
6021
7072
6428
5490
5631
5707
4513
6026
5711
7681
5895
9366
8494
8490
6765
4922
11139
8095
7260
7199
8567
10733
8422
4945
8359
5197
7198
10149
10842
9485
8967
8407
7929
4934
12228
7976
6125
5006
5879
11688
6971
6012
6012
5727
6259
6591
8292
6929
5792
5802
8055
4970
8760
9978
5157
5789
7885
5496
5752
7145
5274
5245
7017
5798
7951
6157
6464
6239
5414
5926
7543
12092
6106
5856
6066
8075
5433
6309
7881
8189
5706
6855
5096
6272
5394
4840
6358
5584
5021
4778
6154
5086
4827
5063
12372
6541
6500
6605
6609
6092
6155
5649
5151
11928
11928
8836
4715
10836
5549
6687
6639
6552
7379
4015
6000
5520
5803
5868
5835
5916
6220
6590
5721
5462
6401
5774
10636
5906
5913
6223
5751
6298
6642
10627
10892
2713
3043
3280
3456
6885
7924
7129
7169
6922
12172
5437
11976
7910
8160
7373
10345
6632
4155
2966
3079
6302
6802
7296
7065
7077
11985
7352
8263
6768
6960
11775
9568
9426
12584
7243
8421
7577
8384
7797
8305
6752
8666
8710
8172
7365
10910
7081
7570
7202
8999
7247
7186
9514
9834
9215
10578
9153
8506
6535
6374
7393
7864
6874
6710
8001
7182
11968
6199
9827
6987
6987
7541
6718
6845
11687
11841
7928
7946
10327
7126
11306
10460
9924
9715
11631
11747
11870
11870
9725
7085
7319
7305
12473
11993
9061
10790
6966
6999
8142
8277
9686
11735
9948
7338
10545
11288
9759
9759
10455
9720
12388
7374
8446
7960
11250
11250
8690
8017
8559
12539
9767
10801
8251
9812
10121
9408
11898
10726
12134
11088
8257
11785
8140
12543
8036
11764
12424
8689
12389
11768
11567
11178
10990
10784
8474
9865
11379
12557
10392
10453
10737
8624
10186
12495
10186
10844
9264
10015
9866
10215
11737
12267
12007
11686
9967
9562
9562
11836
10608
12126
8877
9462
12352
9251
11386
10942
12017
8221
11135
11561
11652
10972
9772
9567
9692
8889
9062
9705
9374
11618
8096
10603
10873
12259
11912
11265
9508
9101
11412
11607
9480
12376
8630
9218
9536
11741
12046
11374
9533
10518
9525
11908
10377
12116
8800
11401
12441
10362
11464
11853
9186
9186
11773
10295
11713
12365
9649
8528
11310
12581
12112
12086
11416
10429
12455
12455
11330
11299
11215
10838
11311
9263
8854
10086
10247
11461
9280
9325
9938
9358
10831
10037
9867
11119
9182
9923
11161
11363
12413
10697
9072
12370
12250
11313
12351
8954
8951
9199
10411
10750
12028
12440
11783
10934
10091
10768
11625
12490
10491
11799
11529
11257
11786
10998
11237
11006
9198
9660
10761
12257
11693
11760
11462
10033
10777
11977
11164
11935
9668
10622
10622
9850
9850
12163
11835
12054
12553
11913
12478
12302
11497
10064
12339
12538
11406
11527
11897
10313
12031
10918
10692
10592
10773
12212
12212
11806
11350
11712
10259
12297
12036
10602
12268
10530
12330
12330
10710
11948
10676
12360
12517
12192
11581
11222
12161
10471
11972
11859
11452
12106
12540
11698
11973
11953
12160
12160
12029
